Initialization Method = AP Clustering
user set the minimum all contribution value = 0.05

Iter No. 1 initial clustering center:
	Center No. 1 = 987		Contribution = 0.0886209
	Center No. 2 = 0		Contribution = 0.00419507
	Center No. 3 = 1287		Contribution = 0.00262192
	Center No. 4 = 678		Contribution = 0.00262192
	Center No. 5 = 1744		Contribution = 0.00157315
	Center No. 6 = 697		Contribution = 0.00104877
Iter No. 1 All Contributions = 0.100682


Initialization Means = 
{
		987, 0.00455999, 0.00719513, 0, 0, 0, 0, 0, 0, 0.0114309, 0.0379752, 0.0870532, 0.0744174, 0.0648368, 0.0660483, 0.0529456, 0.0543391, 0.062793, 0.0491756, 0.0625866, 0.0413174, 0.0203499, 0.0170198, 0.00967, 0.00841473, 0.00992445, 0.0113673, 0.00636074, 0, 0, 0, 0, 0.00431428, 0.00823509, 0.0308282, 0.0665094, 0.0639805, 0.0618407, 0.0592077, 0.0597103, 0.0627529, 0.0570973, 0.0602487, 0.0654116, 0.0452537, 0.028293, 0.0189936, 0.0108212, 0.012615, 0.00792916, 0.00440889, 0, 0, 0, 0, 0, 0, 0.00759256, 0.0278465, 0.0670757, 0.0711377, 0.0629054, 0.0598508, 0.0579671, 0.0570635, 0.052992, 0.055757, 0.0636611, 0.0465698, 0.0255832, 0.0229052, 0.0147223, 0.00926744, 0.00660686, 0.00667081, 0.0113787, 0, 0, 0, 0, 0.0111899, 0.00948729, 0.0377504, 0.0509595, 0.0642949, 0.0500275, 0.048611, 0.0416083, 0.0401594, 0.0484956, 0.0380171, 0.0529242, 0.0388197, 0.0209602, 0.0146915, 0.0162507, 0.00762351, 0.00728859, 0.0146525, 0, 0, 0, 0, 0, 0, 0.00858675, 0.0292302, 0.0452515, 0.0491015, 0.0433547, 0.042826, 0.0352265, 0.0412427, 0.0325124, 0.0357661, 0.0307542, 0.0265873, 0.0156842, 0.00972079, 0.0105787, 0.00374054, 0.00592372, 0.0143495, 0, 0, 0, 0, 0, 0, 0.00430465, 0.0142597, 0.00687358, 0.00653333, 0.0136859, 0.00771445, 0.00812534, 0.0125165, 0.00868436, 0.0111594, 0.0137582, 0.0132158, 0.011482, 0.00840525, 0.0136478, 0.0146065, 0.013129, 0.00929888, 0.000597558, 0, 0, 0, 0, 0.0146933, 0.0155476, 0.00512861, 0.00695108, 0.00705743, 0.00641634, 0.010366, 0.0099622, 0.0158637, 0.00691871, 0.0111888, 0.0087466, 0.0118731, 0.0165937, 0.0126829, 0.00991921, 0.0105599
		0, 0.00127074, 0.00118646, 0.00102076, 0, 0, 0, 0, 0, 0.00108336, 0.000938181, 0.00147309, 0.00172376, 0.00166995, 0.00167008, 0.0014046, 0.00140886, 0.00113961, 0.00195304, 0.00177315, 0.00135956, 0.00111836, 0.00131396, 0.0011156, 0.00118381, 0.0008348, 0.000591684, 0.00101211, 0, 0, 0, 0, 0.00139476, 0.000961622, 0.000890248, 0.0010396, 0.00131576, 0.00147535, 0.0018393, 0.00144351, 0.00143938, 0.00104403, 0.00121035, 0.00230031, 0.00198257, 0.00152978, 0.00165416, 0.00150111, 0.001862, 0.00112916, 0.000593164, 0.00105157, 0, 0, 0, 0.00250679, 0.00142158, 0.000862751, 0.000688269, 0.00168925, 0.00162518, 0.00157937, 0.00195322, 0.00112241, 0.00117964, 0.000879156, 0.000889362, 0.00127658, 0.000943752, 0.00146517, 0.00149772, 0.000936263, 0.0010144, 0.00112098, 0.000568933, 0.000934476, 2.77884e-06, 0, 0, 0, 0.001445, 0.00104428, 0.000813034, 0.00123297, 0.0010038, 0.000966333, 0.00112106, 0.000861517, 0.000769207, 0.000817877, 0.0009655, 0.00110492, 0.00155416, 0.00107301, 0.00117981, 0.00189391, 0.00106495, 0.00100492, 0.000577988, 0.000975206, 0.00190822, 0.00289753, 0.000537883, 0, 0.00164773, 0.000592821, 0.000507447, 0.000970961, 0.0021083, 0.000720676, 0.000684401, 0.000470648, 0.00058466, 0.000471645, 0.000554146, 0.000597781, 0.00143402, 0.000929175, 0.00106985, 0.000796399, 0.00065518, 0.000548591, 0.0026761, 0.000896353, 0.00159662, 0, 0, 0, 0.000801817, 0.00025133, 0.000714417, 0.00084514, 0.0012715, 0.000708513, 0.000861935, 0.0012203, 0.00201753, 0.00111051, 0.00134431, 0.000758368, 0.00101886, 0.00109749, 0.00112429, 0.0012854, 0.00149252, 0.00125727, 0.00236596, 0.000639771, 0.000851941, 0, 0, 0, 0.00146772, 0.00117808, 0.000884527, 0.00100435, 0.00127917, 0.00186963, 0.00191155, 0.00175318, 0.00129842, 0.001569, 0.00155333, 0.00126897, 0.00143139, 0.00125549, 0.000988617, 0.00143301, 0.00254622
		1287, 0.00963014, 0.00962803, 0.00517039, 0, 0, 0, 0, 0.00295284, 0.0149436, 0.0271348, 0.027908, 0.0302542, 0.0214116, 0.0303302, 0.0218091, 0.0276579, 0.0370412, 0.022257, 0.0271861, 0.0171087, 0.0148516, 0.0131654, 0.0156171, 0.008729, 0.00916391, 0.00539596, 0.00278901, 0, 0, 0, 0, 0.0122968, 0.0111069, 0.0231478, 0.0260949, 0.0220627, 0.0291659, 0.0250307, 0.0271067, 0.0230914, 0.0273104, 0.0199761, 0.0316477, 0.0192187, 0.0148906, 0.0118116, 0.0137763, 0.00679037, 0.0111771, 0.0122503, 0.00486637, 0, 0, 0, 0, 0.00537989, 0.00915428, 0.0143922, 0.0369061, 0.0232253, 0.0312116, 0.0272011, 0.0244604, 0.0207209, 0.013773, 0.0183379, 0.0308939, 0.0114975, 0.0126767, 0.0117695, 0.0139849, 0.00838784, 0.00924374, 0.0105558, 0.00204254, 0, 0, 0, 0, 0.0107233, 0.0122134, 0.0187935, 0.0179733, 0.0251585, 0.0233854, 0.0178636, 0.0167929, 0.0154823, 0.0172457, 0.0163509, 0.0266805, 0.016236, 0.00873255, 0.00784891, 0.0125445, 0.0133553, 0.00836384, 0.0145926, 0.00827, 0, 0, 0, 0, 0.00358662, 0.0101334, 0.0120824, 0.0225956, 0.0183915, 0.0147539, 0.0149336, 0.0117132, 0.0133179, 0.00888655, 0.016073, 0.0157095, 0.00873044, 0.0100169, 0.00719052, 0.00451882, 0.00511408, 0.0071115, 0.00954904, 0.00413405, 0, 0, 0, 0.000238052, 0.00333495, 0.00565493, 0.00553815, 0.00878547, 0.010143, 0.00619512, 0.0067176, 0.0077275, 0.0148314, 0.00704064, 0.0129913, 0.0114288, 0.0075419, 0.00819172, 0.00843557, 0.0124706, 0.016041, 0.0122139, 0.0118149, 0.00504105, 0.00183032, 0, 0, 0.186382, 0.0167207, 0.0178633, 0.0113086, 0.0163561, 0.0183858, 0.0146863, 0.0140152, 0.0154313, 0.0320771, 0.0093787, 0.0156418, 0.0138463, 0.012472, 0.011654, 0.011643, 0.0123282, 0.0093329
		678, 0.0048716, 0, 0, 0, 0, 0, 0, 0, 0.00359409, 0.00250191, 0.00243842, 0.00135559, 0.0044145, 0.00541277, 0.00553395, 0.00140481, 0.00539293, 0.00261587, 0.00253355, 0.000800054, 0.00162837, 0.000753366, 0.0025449, 0.00412444, 0.00120665, 0, 0, 0, 0, 0, 0, 0, 0, 0.0018222, 0.00322471, 0.000779611, 0.000988011, 0.00385136, 0.00449858, 0.00253989, 0.000671992, 0.000884287, 0.00614333, 0, 0.00221025, 0.00287579, 0.00143564, 0.000654111, 0.00115745, 0, 0, 0, 0, 0, 0, 0, 0.000167586, 0.002824, 0.00535706, 0.000699422, 0.00227129, 0.00131018, 0.00167859, 0.000557431, 0.000514423, 0.000608327, 0.000210432, 0.00468919, 0.00321315, 0.000229912, 0.00285343, 0.000211334, 0.00100705, 0, 0, 0, 0, 0, 0, 0, 0.0142807, 0.00346958, 0.000201321, 0.0031918, 0.00431006, 0.000646152, 0.00320003, 0.00208817, 0.00126622, 0.00165418, 0.00219154, 0.000734191, 0.00305674, 0.00330382, 0.0031638, 0.00294433, 0.00105021, 4.17886e-05, 0, 0, 0, 0, 0, 0, 0.00191921, 0.00288553, 0.00137903, 0.000109354, 0.000197813, 0.00186038, 0.00045263, 0.00238628, 0.00126517, 0.00279727, 0.00913088, 0.00371965, 0.00414393, 0.00134693, 0.0025869, 0.00309513, 0.00367943, 0.00192596, 0, 0, 0, 0, 0, 0, 0.000926836, 0.00254209, 0.00224656, 0.00223749, 0.0030111, 0.00173587, 0.00307651, 0.000583266, 0.00117758, 0.00384138, 0.004188, 0.00156659, 0.000681526, 0.000338014, 0.00572359, 0.029716, 0.00545126, 6.10913e-06, 0, 0, 0, 0, 0, 0, 0, 0.00443183, 0.00432753, 0.00567596, 0.00500438, 0.00246678, 0.00401006, 0.000144153, 0.0016493, 0.00421856, 0.00110727, 0.00268914, 0.00175427, 0.0018501, 0.00228103, 0.0028314
		1744, 0.00581002, 0.008137, 0.00413968, 0, 0, 0.0956223, 0, 0.014617, 0.0086306, 0.00957317, 0.0135944, 0.00962933, 0.00871507, 0.0144103, 0.0147331, 0.012655, 0.0113234, 0.0101201, 0.0118659, 0.0109468, 0.00940172, 0.00985665, 0.0132595, 0.00740039, 0.0142315, 0.00797947, 0.00343729, 0, 0, 0, 0, 0.0112271, 0.0100942, 0.0087417, 0.021733, 0.0110607, 0.0147311, 0.0109738, 0.0130375, 0.00983858, 0.00660943, 0.00870347, 0.0105717, 0.0149979, 0.0110582, 0.0137736, 0.00966306, 0.00969993, 0.00684107, 0.00813609, 0.000689044, 0, 0, 0, 0, 0.00508474, 0.00791127, 0.00556424, 0.0117499, 0.00880394, 0.00811152, 0.00841063, 0.00777489, 0.00780024, 0.00806041, 0.00783354, 0.0150476, 0.0100681, 0.00986573, 0.00676086, 0.0104303, 0.00871669, 0.00600578, 0.00966522, 0, 0, 0, 0, 0, 0.00795713, 0.0071619, 0.00575852, 0.00926205, 0.00688253, 0.00997591, 0.00857936, 0.0131203, 0.00889414, 0.00926766, 0.0131577, 0.00886935, 0.0109906, 0.00782187, 0.0129757, 0.00782011, 0.00973544, 0.00573985, 0.00803128, 0, 0, 0, 0, 0, 0.00918668, 0.00856081, 0.00466121, 0.00943328, 0.00703554, 0.00735359, 0.00552334, 0.00583836, 0.0111391, 0.00649592, 0.00570689, 0.00674744, 0.0066774, 0.00608241, 0.00541315, 0.00543639, 0.00492375, 0.00475993, 0.00734132, 0, 0, 0, 0, 0, 0.00592232, 0.00374179, 0.0039197, 0.00456044, 0.00554199, 0.00528579, 0.00363239, 0.00479007, 0.00898748, 0.0073568, 0.0140916, 0.00962895, 0.0150334, 0.0114867, 0.00798744, 0.00944531, 0.00962763, 0.0074241, 0.00951398, 0.00104622, 0, 0, 0, 0, 0.00229672, 0.00637524, 0.00414326, 0.00725041, 0.00940287, 0.00823726, 0.00989812, 0.00770656, 0.00729976, 0.0112385, 0.00780544, 0.0074698, 0.0090137, 0.00922322, 0.00663192, 0.00744659, 0.00971032
		697, 0.0119683, 0, 0, 0, 0, 0, 0, 0, 0, 0.00509897, 0.00600683, 0.00559396, 0.00498043, 0.00596393, 0.00522473, 0.00501078, 0.00706399, 0.0046389, 0.0107054, 0.00512114, 0.00212978, 0.00133753, 0.0174801, 3.50645e-05, 0, 0, 0, 0, 0, 0, 0, 0, 0, 0.00292138, 0.00394623, 0.00495476, 0.0033321, 0.00123361, 0.010052, 0.00447459, 0.00541306, 0.0047013, 0.00522506, 0.00236686, 0.00242584, 0.000783283, 0.00253895, 3.11757e-09, 0, 0, 0, 0, 0, 0, 0, 0, 9.71388e-07, 0.00327308, 0.00580117, 0.00462737, 0.00537523, 0.010297, 0.00466265, 0.00618801, 0.00335798, 0.00645782, 0.00512399, 0.00603425, 0.00538555, 0.00715483, 3.95203e-05, 2.8307e-09, 0, 0, 0, 0, 0, 0, 0, 0, 0.000246121, 0.00283314, 0.00285421, 0.00447925, 0.00402196, 0.00402124, 0.00323882, 0.00369978, 0.00290879, 0.00318818, 0.00445904, 0.00285913, 0.00358318, 0.00114093, 0.00115464, 2.97177e-09, 0, 0, 0, 0, 0, 0, 0, 0, 3.39839e-09, 0.000844823, 0.00337427, 0.00324942, 0.00418739, 0.0025829, 0.00283239, 0.00211322, 0.00189698, 0.00306625, 0.00725756, 0.00618879, 0.00552558, 0.00366302, 0.0064612, 0, 0, 0, 0, 0, 0, 0, 0, 0.0214067, 0.0119576, 0.0104421, 0.0123091, 0.0142178, 0.0108361, 0.00519613, 0.00633456, 0.0116064, 0.011827, 0.0130465, 0.00790344, 0.0151439, 0.0157599, 0.0125898, 0.00596767, 1.1012e-06, 0.00633652, 0, 0, 0, 0, 0, 0, 0, 3.11952e-05, 0.0105625, 0.011533, 0.0254577, 0.0142202, 0.00551331, 0.00552669, 0.011764, 0.0367931, 0.0120639, 0.00761151, 0.00480772, 0.00974136, 0.00534711, 0.00376246, 0
}
initialization silhouette evaluation = 0.21038

Iteration No. 1 Means = 
{
		767, 0.0222487, 0.0222471, 0.0173954, 0, 0.00815238, 0, 0, 0.0310864, 0.0313005, 0.0547344, 0.0700691, 0.0695982, 0.0544021, 0.0610777, 0.0679497, 0.0674796, 0.0684095, 0.0578881, 0.0682761, 0.0505732, 0.0363326, 0.0321515, 0.0262754, 0.0287553, 0.0213213, 0.0143455, 0.0124053, 0.019783, 0, 0, 0, 0.0288003, 0.0298098, 0.0341224, 0.0412495, 0.061625, 0.0711945, 0.0590514, 0.0521244, 0.0459009, 0.060851, 0.0640637, 0.0590094, 0.050064, 0.0368225, 0.0251256, 0.0261905, 0.0261169, 0.0248787, 0.0188641, 0.00870377, 0.000764677, 0, 0, 0, 0.0293542, 0.0201004, 0.0335063, 0.0605924, 0.043764, 0.0591208, 0.0491343, 0.0569936, 0.0462857, 0.0425972, 0.0487451, 0.0629818, 0.0483133, 0.0389127, 0.0280197, 0.033191, 0.0249555, 0.0185814, 0.0177916, 0.0186951, 0, 0, 0, 0.00231202, 0.0298377, 0.0326691, 0.0301323, 0.0462957, 0.037881, 0.0328037, 0.0511065, 0.0379537, 0.0386014, 0.0397467, 0.0459466, 0.0506249, 0.0474052, 0.0302439, 0.02434, 0.0202233, 0.0205449, 0.026982, 0.0226142, 0.020137, 0, 0, 0, 0, 0.0340238, 0.0242559, 0.0254138, 0.032756, 0.0381428, 0.0335159, 0.0191155, 0.0313657, 0.0262386, 0.0237756, 0.0265773, 0.0266139, 0.0301399, 0.0272081, 0.018863, 0.0142881, 0.0125306, 0.0111239, 0.0175438, 0.00972719, 0, 0, 0, 0, 0.00471854, 0.00663994, 0.0123583, 0.017782, 0.0149253, 0.0170826, 0.0225282, 0.0186622, 0.0240206, 0.0170462, 0.0253035, 0.0158368, 0.0235352, 0.02748, 0.0197554, 0.01824, 0.016757, 0.0228097, 0.0145976, 0.0146887, 0.010386, 0, 0, 0, 0.0266918, 0.0187882, 0.0172257, 0.0242842, 0.0431369, 0.0353833, 0.047271, 0.0349741, 0.0375348, 0.0329762, 0.0377829, 0.0282844, 0.0283613, 0.0270743, 0.0299001, 0.0363389, 0.028008
		67, 0.146787, 0.137745, 0.124864, 0.0477237, 0, 0, 0.0149889, 0.235892, 0.180788, 0.165054, 0.217265, 0.201446, 0.17083, 0.214387, 0.18108, 0.18297, 0.196694, 0.1654, 0.203641, 0.190766, 0.183675, 0.204592, 0.197276, 0.18636, 0.135996, 0.111262, 0.122015, 0.0221725, 0.0329087, 0, 0.0156835, 0.217815, 0.163791, 0.133392, 0.1433, 0.182358, 0.205633, 0.192203, 0.181685, 0.158487, 0.155012, 0.177985, 0.225241, 0.213523, 0.177721, 0.191894, 0.201011, 0.178792, 0.162472, 0.146449, 0.154704, 0.0763204, 0, 0, 0.00478274, 0.207147, 0.133719, 0.10472, 0.246889, 0.155165, 0.20148, 0.191716, 0.188909, 0.142771, 0.126848, 0.143486, 0.180205, 0.176538, 0.178726, 0.16752, 0.212692, 0.178836, 0.139198, 0.107976, 0.130367, 0.0474121, 0, 0, 0.00780566, 0.231428, 0.144074, 0.10719, 0.154384, 0.139034, 0.12883, 0.164575, 0.14486, 0.12753, 0.138489, 0.126403, 0.173455, 0.196936, 0.169793, 0.189388, 0.219767, 0.1781, 0.161951, 0.169329, 0.132034, 0.056537, 0, 0, 0.0131487, 0.24965, 0.137263, 0.0968861, 0.11812, 0.134314, 0.121787, 0.0931891, 0.110759, 0.119378, 0.0942575, 0.0945463, 0.108553, 0.122782, 0.138411, 0.12064, 0.120028, 0.10849, 0.112056, 0.127659, 0.131021, 0.0649333, 0, 0, 0.0213409, 0.117294, 0.0760639, 0.080134, 0.124011, 0.110737, 0.114893, 0.0939178, 0.138383, 0.150004, 0.133573, 0.138248, 0.14485, 0.156709, 0.153028, 0.135267, 0.170554, 0.178565, 0.150982, 0.12544, 0.119137, 0.0676622, 0.00956834, 0.0287903, 0.0215567, 0.21683, 0.132525, 0.12019, 0.146205, 0.223598, 0.205952, 0.220357, 0.191766, 0.169903, 0.176004, 0.188405, 0.160583, 0.189403, 0.184481, 0.183588, 0.208738, 0.175126
		1728, 0.00325742, 0.00228103, 0.00077085, 0, 0, 0, 0, 0.0057935, 0.0039259, 0.00410818, 0.00549726, 0.00489938, 0.00353928, 0.00448185, 0.0045249, 0.00451947, 0.00350032, 0.00392524, 0.00422163, 0.00361865, 0.00346629, 0.00407252, 0.00348556, 0.00353548, 0.00270608, 0.00223687, 0, 0, 0, 0, 0, 0.005363, 0.00184877, 0.00351819, 0.0061216, 0.00358926, 0.00361658, 0.00370761, 0.00426002, 0.00385643, 0.00288296, 0.0044563, 0.00794414, 0.00584133, 0.00705859, 0.00355216, 0.002665, 0.00286383, 0.00400512, 0.00299674, 0, 0, 0, 0, 0, 0.00546614, 0.00281676, 0.00281695, 0.00427973, 0.00319874, 0.00344902, 0.00577704, 0.00400843, 0.00275804, 0.00289002, 0.00262907, 0.00495558, 0.00335107, 0.00382866, 0.00263872, 0.00360003, 0.00260031, 0.00194883, 0.00218761, 0.00359316, 0, 0, 0, 0, 0.00555617, 0.00401537, 0.00408302, 0.00319625, 0.00460654, 0.00363592, 0.00384198, 0.00333508, 0.00365023, 0.00274371, 0.00264163, 0.00410527, 0.00478072, 0.00394618, 0.00384884, 0.00368633, 0.0027299, 0.00314102, 0.00222243, 0.00374977, 0, 0, 0, 0, 0.00633568, 0.0015609, 0.00478138, 0.00290462, 0.00394057, 0.00401889, 0.00215099, 0.00312991, 0.00295806, 0.00252068, 0.0024108, 0.0028838, 0.00287357, 0.00247314, 0.00375155, 0.00178184, 0.00167949, 0.00210939, 0.00378563, 0.00344657, 0, 0, 0, 0, 0.00308307, 0.00181546, 0.00188928, 0.00192906, 0.00269808, 0.00277775, 0.00237393, 0.00308031, 0.0042245, 0.00224243, 0.00234557, 0.00225041, 0.0029137, 0.00390017, 0.00324225, 0.00393549, 0.00478496, 0.00239828, 0.00217303, 0.00264974, 0, 0, 0, 0.0222948, 0.00498747, 0.00427066, 0.00244639, 0.00280688, 0.00280632, 0.00479891, 0.00404578, 0.00286812, 0.00373906, 0.00304054, 0.00220635, 0.00392216, 0.00455717, 0.00242823, 0.00470123, 0.00384407, 0.00279728
		678, 0.0048716, 0, 0, 0, 0, 0, 0, 0, 0.00359409, 0.00250191, 0.00243842, 0.00135559, 0.0044145, 0.00541277, 0.00553395, 0.00140481, 0.00539293, 0.00261587, 0.00253355, 0.000800054, 0.00162837, 0.000753366, 0.0025449, 0.00412444, 0.00120665, 0, 0, 0, 0, 0, 0, 0, 0, 0.0018222, 0.00322471, 0.000779611, 0.000988011, 0.00385136, 0.00449858, 0.00253989, 0.000671992, 0.000884287, 0.00614333, 0, 0.00221025, 0.00287579, 0.00143564, 0.000654111, 0.00115745, 0, 0, 0, 0, 0, 0, 0, 0.000167586, 0.002824, 0.00535706, 0.000699422, 0.00227129, 0.00131018, 0.00167859, 0.000557431, 0.000514423, 0.000608327, 0.000210432, 0.00468919, 0.00321315, 0.000229912, 0.00285343, 0.000211334, 0.00100705, 0, 0, 0, 0, 0, 0, 0, 0.0142807, 0.00346958, 0.000201321, 0.0031918, 0.00431006, 0.000646152, 0.00320003, 0.00208817, 0.00126622, 0.00165418, 0.00219154, 0.000734191, 0.00305674, 0.00330382, 0.0031638, 0.00294433, 0.00105021, 4.17886e-05, 0, 0, 0, 0, 0, 0, 0.00191921, 0.00288553, 0.00137903, 0.000109354, 0.000197813, 0.00186038, 0.00045263, 0.00238628, 0.00126517, 0.00279727, 0.00913088, 0.00371965, 0.00414393, 0.00134693, 0.0025869, 0.00309513, 0.00367943, 0.00192596, 0, 0, 0, 0, 0, 0, 0.000926836, 0.00254209, 0.00224656, 0.00223749, 0.0030111, 0.00173587, 0.00307651, 0.000583266, 0.00117758, 0.00384138, 0.004188, 0.00156659, 0.000681526, 0.000338014, 0.00572359, 0.029716, 0.00545126, 6.10913e-06, 0, 0, 0, 0, 0, 0, 0, 0.00443183, 0.00432753, 0.00567596, 0.00500438, 0.00246678, 0.00401006, 0.000144153, 0.0016493, 0.00421856, 0.00110727, 0.00268914, 0.00175427, 0.0018501, 0.00228103, 0.0028314
		510, 0.00143307, 0.00200703, 0.00357283, 0, 0, 0.0209273, 0, 0.000796822, 0.00251072, 0.00144639, 0.00355585, 0.00281535, 0.00247333, 0.00315628, 0.00365671, 0.00313999, 0.0033389, 0.00387917, 0.00325769, 0.00398145, 0.00259571, 0.00261268, 0.00352044, 0.00260214, 0.00577097, 0.00196817, 0.00250393, 0, 0, 0, 0, 0.00471878, 0.00198626, 0.00204468, 0.00451699, 0.00339104, 0.00394118, 0.00301283, 0.00332656, 0.00239638, 0.0020696, 0.00302544, 0.00341867, 0.00343881, 0.00397247, 0.00369184, 0.00325697, 0.0031353, 0.00175992, 0.0020068, 0.000795238, 0, 0, 0, 0, 0.00355353, 0.00145944, 0.00136491, 0.0023968, 0.00259351, 0.00321996, 0.00258202, 0.00287308, 0.00213397, 0.00264777, 0.00304458, 0.00284524, 0.00360162, 0.0020467, 0.00253101, 0.00263156, 0.00246594, 0.0019426, 0.00371213, 0, 0, 0, 0, 0, 0.00237033, 0.00176652, 0.00169917, 0.00213002, 0.00240768, 0.00266512, 0.00263621, 0.0056433, 0.00304183, 0.00220272, 0.00347328, 0.00272834, 0.00320294, 0.00233418, 0.00338371, 0.00236786, 0.00240198, 0.00138186, 0.00196667, 0, 0, 0, 0, 0, 0.0039745, 0.00204432, 0.00116842, 0.00199656, 0.00225019, 0.00297305, 0.00161704, 0.00275344, 0.00337731, 0.00242023, 0.0026607, 0.00229455, 0.0021668, 0.00216212, 0.00182614, 0.00173881, 0.00180443, 0.00160179, 0.00181077, 0.00117573, 0, 0, 0, 0, 0.000305685, 0.00113456, 0.000966812, 0.00112682, 0.00142843, 0.00171358, 0.00127373, 0.00271839, 0.0035782, 0.00263105, 0.00310192, 0.002654, 0.0028157, 0.00380329, 0.00282897, 0.0034239, 0.00294958, 0.00240072, 0.00177879, 0.00102727, 0, 0, 0, 0, 0, 0.00199286, 0.00181736, 0.00170284, 0.00343441, 0.00293669, 0.00308416, 0.00197712, 0.0024368, 0.002746, 0.0030461, 0.00202596, 0.0024536, 0.00290519, 0.00228296, 0.00279585, 0.00254513
		126, 0.00563496, 0, 0, 0, 0, 0, 0, 0, 0.000731879, 0.00402342, 0.00742914, 0.00409163, 0.00506484, 0.00418834, 0.00474525, 0.00292109, 0.00636535, 0.00615096, 0.00359807, 0.00349852, 0.00315179, 0.000410652, 0.00820049, 0.000349654, 0, 0, 0, 0, 0, 0, 0, 0, 0.00483256, 0.0028878, 0.00265055, 0.00389139, 0.00652971, 0.00369611, 0.00315843, 0.00450762, 0.00434358, 0.00562533, 0.00361168, 0.0034576, 0.00320908, 0.00258992, 0.00189438, 0, 0, 0, 0, 0, 0, 0, 0, 0, 0.00151101, 0.00268974, 0.00564199, 0.00552036, 0.00430225, 0.00561003, 0.00301399, 0.00425602, 0.00429066, 0.00595126, 0.00544131, 0.00308727, 0.00348128, 0.00314182, 0.000250385, 0, 1.94433e-06, 0, 0, 0, 0, 0, 0, 0, 0.00377908, 0.00341264, 0.0025524, 0.0052643, 0.00332923, 0.00435105, 0.00275286, 0.00344968, 0.00381128, 0.00205111, 0.00468451, 0.00267044, 0.00281361, 0.00162813, 0, 0, 0.000265482, 0, 0, 0, 0, 0, 0, 0, 0.00316515, 0.0022077, 0.00308794, 0.00423324, 0.00415461, 0.00174493, 0.00319743, 0.00302985, 0.00149172, 0.00336684, 0.0033062, 0.00230228, 0.00223157, 0.00229397, 0.00325558, 7.88487e-09, 1.06506e-05, 0, 0, 0, 0, 0, 0, 0, 0.00586522, 0.0022993, 0.00253826, 0.00425792, 0.00359372, 0.00176784, 0.00302411, 0.00503886, 0.003951, 0.00356675, 0.00503202, 0.00634143, 0.0120746, 0.00677581, 0.00379231, 0.00339506, 0.00324534, 0, 0, 0, 0, 0, 0, 0, 0.00566821, 0.00446468, 0.00426789, 0.00837746, 0.00532124, 0.00356387, 0.00303636, 0.00786902, 0.00960304, 0.00309645, 0.00267473, 0.00204381, 0.00486797, 0.00326161, 0.00273322, 0.0015904
}
Iter No. 1 silhouette evaluation = 0.211171

Iteration No. 2 Means = 
{
		767, 0.0222487, 0.0222471, 0.0173954, 0, 0.00815238, 0, 0, 0.0310864, 0.0313005, 0.0547344, 0.0700691, 0.0695982, 0.0544021, 0.0610777, 0.0679497, 0.0674796, 0.0684095, 0.0578881, 0.0682761, 0.0505732, 0.0363326, 0.0321515, 0.0262754, 0.0287553, 0.0213213, 0.0143455, 0.0124053, 0.019783, 0, 0, 0, 0.0288003, 0.0298098, 0.0341224, 0.0412495, 0.061625, 0.0711945, 0.0590514, 0.0521244, 0.0459009, 0.060851, 0.0640637, 0.0590094, 0.050064, 0.0368225, 0.0251256, 0.0261905, 0.0261169, 0.0248787, 0.0188641, 0.00870377, 0.000764677, 0, 0, 0, 0.0293542, 0.0201004, 0.0335063, 0.0605924, 0.043764, 0.0591208, 0.0491343, 0.0569936, 0.0462857, 0.0425972, 0.0487451, 0.0629818, 0.0483133, 0.0389127, 0.0280197, 0.033191, 0.0249555, 0.0185814, 0.0177916, 0.0186951, 0, 0, 0, 0.00231202, 0.0298377, 0.0326691, 0.0301323, 0.0462957, 0.037881, 0.0328037, 0.0511065, 0.0379537, 0.0386014, 0.0397467, 0.0459466, 0.0506249, 0.0474052, 0.0302439, 0.02434, 0.0202233, 0.0205449, 0.026982, 0.0226142, 0.020137, 0, 0, 0, 0, 0.0340238, 0.0242559, 0.0254138, 0.032756, 0.0381428, 0.0335159, 0.0191155, 0.0313657, 0.0262386, 0.0237756, 0.0265773, 0.0266139, 0.0301399, 0.0272081, 0.018863, 0.0142881, 0.0125306, 0.0111239, 0.0175438, 0.00972719, 0, 0, 0, 0, 0.00471854, 0.00663994, 0.0123583, 0.017782, 0.0149253, 0.0170826, 0.0225282, 0.0186622, 0.0240206, 0.0170462, 0.0253035, 0.0158368, 0.0235352, 0.02748, 0.0197554, 0.01824, 0.016757, 0.0228097, 0.0145976, 0.0146887, 0.010386, 0, 0, 0, 0.0266918, 0.0187882, 0.0172257, 0.0242842, 0.0431369, 0.0353833, 0.047271, 0.0349741, 0.0375348, 0.0329762, 0.0377829, 0.0282844, 0.0283613, 0.0270743, 0.0299001, 0.0363389, 0.028008
		67, 0.146787, 0.137745, 0.124864, 0.0477237, 0, 0, 0.0149889, 0.235892, 0.180788, 0.165054, 0.217265, 0.201446, 0.17083, 0.214387, 0.18108, 0.18297, 0.196694, 0.1654, 0.203641, 0.190766, 0.183675, 0.204592, 0.197276, 0.18636, 0.135996, 0.111262, 0.122015, 0.0221725, 0.0329087, 0, 0.0156835, 0.217815, 0.163791, 0.133392, 0.1433, 0.182358, 0.205633, 0.192203, 0.181685, 0.158487, 0.155012, 0.177985, 0.225241, 0.213523, 0.177721, 0.191894, 0.201011, 0.178792, 0.162472, 0.146449, 0.154704, 0.0763204, 0, 0, 0.00478274, 0.207147, 0.133719, 0.10472, 0.246889, 0.155165, 0.20148, 0.191716, 0.188909, 0.142771, 0.126848, 0.143486, 0.180205, 0.176538, 0.178726, 0.16752, 0.212692, 0.178836, 0.139198, 0.107976, 0.130367, 0.0474121, 0, 0, 0.00780566, 0.231428, 0.144074, 0.10719, 0.154384, 0.139034, 0.12883, 0.164575, 0.14486, 0.12753, 0.138489, 0.126403, 0.173455, 0.196936, 0.169793, 0.189388, 0.219767, 0.1781, 0.161951, 0.169329, 0.132034, 0.056537, 0, 0, 0.0131487, 0.24965, 0.137263, 0.0968861, 0.11812, 0.134314, 0.121787, 0.0931891, 0.110759, 0.119378, 0.0942575, 0.0945463, 0.108553, 0.122782, 0.138411, 0.12064, 0.120028, 0.10849, 0.112056, 0.127659, 0.131021, 0.0649333, 0, 0, 0.0213409, 0.117294, 0.0760639, 0.080134, 0.124011, 0.110737, 0.114893, 0.0939178, 0.138383, 0.150004, 0.133573, 0.138248, 0.14485, 0.156709, 0.153028, 0.135267, 0.170554, 0.178565, 0.150982, 0.12544, 0.119137, 0.0676622, 0.00956834, 0.0287903, 0.0215567, 0.21683, 0.132525, 0.12019, 0.146205, 0.223598, 0.205952, 0.220357, 0.191766, 0.169903, 0.176004, 0.188405, 0.160583, 0.189403, 0.184481, 0.183588, 0.208738, 0.175126
		1860, 0.00687642, 0.00595627, 0.00758413, 0, 0, 0, 0, 0.00756247, 0.00798173, 0.00773902, 0.0106317, 0.00878866, 0.00847397, 0.00944422, 0.00902663, 0.00991366, 0.00814249, 0.00650329, 0.00757046, 0.00782396, 0.0077789, 0.00871967, 0.0084208, 0.00796352, 0.00553674, 0.00603242, 0.00123695, 4.44747e-06, 0, 0, 0, 0.0113658, 0.00998103, 0.00756133, 0.0186655, 0.010323, 0.00939629, 0.00911136, 0.00919898, 0.00860383, 0.00708671, 0.00875638, 0.0157176, 0.0113125, 0.010371, 0.00699998, 0.00815384, 0.00750046, 0.00696851, 0.00624271, 0.00372496, 0.00120719, 0, 0, 0, 0.0115844, 0.00803319, 0.00573762, 0.00916113, 0.0062966, 0.00706991, 0.0116624, 0.00931136, 0.00671928, 0.00544905, 0.00653642, 0.0098936, 0.00799441, 0.00991584, 0.00966549, 0.0102451, 0.00684306, 0.00484278, 0.00528447, 0.00599427, 0.000609305, 0, 0, 0, 0.0117751, 0.00640219, 0.00728836, 0.0064044, 0.00813213, 0.0079421, 0.00872949, 0.007165, 0.00649228, 0.0050435, 0.00518701, 0.00869625, 0.00917501, 0.00875373, 0.00876771, 0.00768243, 0.00992727, 0.00826602, 0.00522974, 0.0053363, 0.00360966, 0, 0, 0, 0.00650612, 0.00479237, 0.00779193, 0.00538852, 0.00821295, 0.0104523, 0.00585079, 0.00594508, 0.00617281, 0.00604733, 0.00523659, 0.00644499, 0.00636271, 0.00593526, 0.00644736, 0.00569474, 0.00505484, 0.0049476, 0.00682028, 0.00730429, 0.000516474, 0, 0, 0, 0.00576783, 0.0029539, 0.00278297, 0.00387297, 0.00504199, 0.00490005, 0.00637197, 0.00683358, 0.0102052, 0.0058812, 0.00612925, 0.00798359, 0.00999516, 0.0102237, 0.00835348, 0.0130255, 0.0131056, 0.00717814, 0.00590964, 0.00614448, 0.000186027, 0, 0, 0.0402624, 0.00730034, 0.00530012, 0.00550087, 0.00509767, 0.00740857, 0.00920098, 0.00972324, 0.00630756, 0.00822371, 0.00536707, 0.00758031, 0.0112888, 0.00961402, 0.00860608, 0.00981846, 0.00994051, 0.00780063
		678, 0.0048716, 0, 0, 0, 0, 0, 0, 0, 0.00359409, 0.00250191, 0.00243842, 0.00135559, 0.0044145, 0.00541277, 0.00553395, 0.00140481, 0.00539293, 0.00261587, 0.00253355, 0.000800054, 0.00162837, 0.000753366, 0.0025449, 0.00412444, 0.00120665, 0, 0, 0, 0, 0, 0, 0, 0, 0.0018222, 0.00322471, 0.000779611, 0.000988011, 0.00385136, 0.00449858, 0.00253989, 0.000671992, 0.000884287, 0.00614333, 0, 0.00221025, 0.00287579, 0.00143564, 0.000654111, 0.00115745, 0, 0, 0, 0, 0, 0, 0, 0.000167586, 0.002824, 0.00535706, 0.000699422, 0.00227129, 0.00131018, 0.00167859, 0.000557431, 0.000514423, 0.000608327, 0.000210432, 0.00468919, 0.00321315, 0.000229912, 0.00285343, 0.000211334, 0.00100705, 0, 0, 0, 0, 0, 0, 0, 0.0142807, 0.00346958, 0.000201321, 0.0031918, 0.00431006, 0.000646152, 0.00320003, 0.00208817, 0.00126622, 0.00165418, 0.00219154, 0.000734191, 0.00305674, 0.00330382, 0.0031638, 0.00294433, 0.00105021, 4.17886e-05, 0, 0, 0, 0, 0, 0, 0.00191921, 0.00288553, 0.00137903, 0.000109354, 0.000197813, 0.00186038, 0.00045263, 0.00238628, 0.00126517, 0.00279727, 0.00913088, 0.00371965, 0.00414393, 0.00134693, 0.0025869, 0.00309513, 0.00367943, 0.00192596, 0, 0, 0, 0, 0, 0, 0.000926836, 0.00254209, 0.00224656, 0.00223749, 0.0030111, 0.00173587, 0.00307651, 0.000583266, 0.00117758, 0.00384138, 0.004188, 0.00156659, 0.000681526, 0.000338014, 0.00572359, 0.029716, 0.00545126, 6.10913e-06, 0, 0, 0, 0, 0, 0, 0, 0.00443183, 0.00432753, 0.00567596, 0.00500438, 0.00246678, 0.00401006, 0.000144153, 0.0016493, 0.00421856, 0.00110727, 0.00268914, 0.00175427, 0.0018501, 0.00228103, 0.0028314
		241, 0.0233777, 0.0163798, 0.017416, 0, 0, 0.13618, 0, 0.0201976, 0.0166093, 0.0232158, 0.0354059, 0.0285083, 0.0301144, 0.0452771, 0.0310008, 0.0276518, 0.0352327, 0.0234642, 0.0276581, 0.0299496, 0.0260591, 0.0254455, 0.0241396, 0.0180767, 0.0212875, 0.0157263, 0.0104497, 0, 0, 0.0020214, 0, 0.0351583, 0.0212104, 0.0210668, 0.0260997, 0.0284393, 0.0316863, 0.0304826, 0.029946, 0.0242522, 0.0215205, 0.0297881, 0.0317644, 0.0359591, 0.0291025, 0.0264604, 0.0359433, 0.0206448, 0.0138764, 0.0187582, 0.0194955, 0, 0, 0, 0, 0.0144393, 0.0126731, 0.0124008, 0.0219635, 0.0207455, 0.0206699, 0.023097, 0.0287335, 0.0189957, 0.0205147, 0.0197291, 0.0405004, 0.0283061, 0.0247938, 0.0186227, 0.02312, 0.0189602, 0.0224877, 0.0197564, 0.00822175, 0.00178898, 0, 0, 0, 0.0370892, 0.014818, 0.0128655, 0.0211947, 0.0202842, 0.024677, 0.025748, 0.0251496, 0.0224754, 0.0203574, 0.0216769, 0.023971, 0.0234972, 0.0194178, 0.0303187, 0.0213763, 0.019262, 0.0116169, 0.0171855, 0.00595177, 0, 0, 0, 0, 0.0280629, 0.0268967, 0.0120786, 0.0148409, 0.0175522, 0.0203041, 0.0148371, 0.0146905, 0.0182703, 0.0156878, 0.015305, 0.0192795, 0.0209917, 0.0184164, 0.0138718, 0.012748, 0.0142507, 0.0136014, 0.0143535, 0.017133, 0, 0, 0, 3.15185e-05, 0.0205805, 0.00858582, 0.0083949, 0.0174704, 0.0214817, 0.0151501, 0.0147121, 0.0177672, 0.0202151, 0.0222608, 0.0254087, 0.0231468, 0.026967, 0.0224558, 0.0221036, 0.01948, 0.0212636, 0.0196535, 0.0145249, 0.015791, 0, 0.0119402, 0, 0, 0.00581133, 0.0168386, 0.0134663, 0.0207989, 0.0230302, 0.0207703, 0.0263421, 0.0231342, 0.0241253, 0.0353919, 0.0254616, 0.0258561, 0.0252526, 0.0191989, 0.0215593, 0.0265271, 0.0220595
		126, 0.00563496, 0, 0, 0, 0, 0, 0, 0, 0.000731879, 0.00402342, 0.00742914, 0.00409163, 0.00506484, 0.00418834, 0.00474525, 0.00292109, 0.00636535, 0.00615096, 0.00359807, 0.00349852, 0.00315179, 0.000410652, 0.00820049, 0.000349654, 0, 0, 0, 0, 0, 0, 0, 0, 0.00483256, 0.0028878, 0.00265055, 0.00389139, 0.00652971, 0.00369611, 0.00315843, 0.00450762, 0.00434358, 0.00562533, 0.00361168, 0.0034576, 0.00320908, 0.00258992, 0.00189438, 0, 0, 0, 0, 0, 0, 0, 0, 0, 0.00151101, 0.00268974, 0.00564199, 0.00552036, 0.00430225, 0.00561003, 0.00301399, 0.00425602, 0.00429066, 0.00595126, 0.00544131, 0.00308727, 0.00348128, 0.00314182, 0.000250385, 0, 1.94433e-06, 0, 0, 0, 0, 0, 0, 0, 0.00377908, 0.00341264, 0.0025524, 0.0052643, 0.00332923, 0.00435105, 0.00275286, 0.00344968, 0.00381128, 0.00205111, 0.00468451, 0.00267044, 0.00281361, 0.00162813, 0, 0, 0.000265482, 0, 0, 0, 0, 0, 0, 0, 0.00316515, 0.0022077, 0.00308794, 0.00423324, 0.00415461, 0.00174493, 0.00319743, 0.00302985, 0.00149172, 0.00336684, 0.0033062, 0.00230228, 0.00223157, 0.00229397, 0.00325558, 7.88487e-09, 1.06506e-05, 0, 0, 0, 0, 0, 0, 0, 0.00586522, 0.0022993, 0.00253826, 0.00425792, 0.00359372, 0.00176784, 0.00302411, 0.00503886, 0.003951, 0.00356675, 0.00503202, 0.00634143, 0.0120746, 0.00677581, 0.00379231, 0.00339506, 0.00324534, 0, 0, 0, 0, 0, 0, 0, 0.00566821, 0.00446468, 0.00426789, 0.00837746, 0.00532124, 0.00356387, 0.00303636, 0.00786902, 0.00960304, 0.00309645, 0.00267473, 0.00204381, 0.00486797, 0.00326161, 0.00273322, 0.0015904
}
Iter No. 2 silhouette evaluation = 0.216811

Iteration No. 3 Means = 
{
		767, 0.0222487, 0.0222471, 0.0173954, 0, 0.00815238, 0, 0, 0.0310864, 0.0313005, 0.0547344, 0.0700691, 0.0695982, 0.0544021, 0.0610777, 0.0679497, 0.0674796, 0.0684095, 0.0578881, 0.0682761, 0.0505732, 0.0363326, 0.0321515, 0.0262754, 0.0287553, 0.0213213, 0.0143455, 0.0124053, 0.019783, 0, 0, 0, 0.0288003, 0.0298098, 0.0341224, 0.0412495, 0.061625, 0.0711945, 0.0590514, 0.0521244, 0.0459009, 0.060851, 0.0640637, 0.0590094, 0.050064, 0.0368225, 0.0251256, 0.0261905, 0.0261169, 0.0248787, 0.0188641, 0.00870377, 0.000764677, 0, 0, 0, 0.0293542, 0.0201004, 0.0335063, 0.0605924, 0.043764, 0.0591208, 0.0491343, 0.0569936, 0.0462857, 0.0425972, 0.0487451, 0.0629818, 0.0483133, 0.0389127, 0.0280197, 0.033191, 0.0249555, 0.0185814, 0.0177916, 0.0186951, 0, 0, 0, 0.00231202, 0.0298377, 0.0326691, 0.0301323, 0.0462957, 0.037881, 0.0328037, 0.0511065, 0.0379537, 0.0386014, 0.0397467, 0.0459466, 0.0506249, 0.0474052, 0.0302439, 0.02434, 0.0202233, 0.0205449, 0.026982, 0.0226142, 0.020137, 0, 0, 0, 0, 0.0340238, 0.0242559, 0.0254138, 0.032756, 0.0381428, 0.0335159, 0.0191155, 0.0313657, 0.0262386, 0.0237756, 0.0265773, 0.0266139, 0.0301399, 0.0272081, 0.018863, 0.0142881, 0.0125306, 0.0111239, 0.0175438, 0.00972719, 0, 0, 0, 0, 0.00471854, 0.00663994, 0.0123583, 0.017782, 0.0149253, 0.0170826, 0.0225282, 0.0186622, 0.0240206, 0.0170462, 0.0253035, 0.0158368, 0.0235352, 0.02748, 0.0197554, 0.01824, 0.016757, 0.0228097, 0.0145976, 0.0146887, 0.010386, 0, 0, 0, 0.0266918, 0.0187882, 0.0172257, 0.0242842, 0.0431369, 0.0353833, 0.047271, 0.0349741, 0.0375348, 0.0329762, 0.0377829, 0.0282844, 0.0283613, 0.0270743, 0.0299001, 0.0363389, 0.028008
		67, 0.146787, 0.137745, 0.124864, 0.0477237, 0, 0, 0.0149889, 0.235892, 0.180788, 0.165054, 0.217265, 0.201446, 0.17083, 0.214387, 0.18108, 0.18297, 0.196694, 0.1654, 0.203641, 0.190766, 0.183675, 0.204592, 0.197276, 0.18636, 0.135996, 0.111262, 0.122015, 0.0221725, 0.0329087, 0, 0.0156835, 0.217815, 0.163791, 0.133392, 0.1433, 0.182358, 0.205633, 0.192203, 0.181685, 0.158487, 0.155012, 0.177985, 0.225241, 0.213523, 0.177721, 0.191894, 0.201011, 0.178792, 0.162472, 0.146449, 0.154704, 0.0763204, 0, 0, 0.00478274, 0.207147, 0.133719, 0.10472, 0.246889, 0.155165, 0.20148, 0.191716, 0.188909, 0.142771, 0.126848, 0.143486, 0.180205, 0.176538, 0.178726, 0.16752, 0.212692, 0.178836, 0.139198, 0.107976, 0.130367, 0.0474121, 0, 0, 0.00780566, 0.231428, 0.144074, 0.10719, 0.154384, 0.139034, 0.12883, 0.164575, 0.14486, 0.12753, 0.138489, 0.126403, 0.173455, 0.196936, 0.169793, 0.189388, 0.219767, 0.1781, 0.161951, 0.169329, 0.132034, 0.056537, 0, 0, 0.0131487, 0.24965, 0.137263, 0.0968861, 0.11812, 0.134314, 0.121787, 0.0931891, 0.110759, 0.119378, 0.0942575, 0.0945463, 0.108553, 0.122782, 0.138411, 0.12064, 0.120028, 0.10849, 0.112056, 0.127659, 0.131021, 0.0649333, 0, 0, 0.0213409, 0.117294, 0.0760639, 0.080134, 0.124011, 0.110737, 0.114893, 0.0939178, 0.138383, 0.150004, 0.133573, 0.138248, 0.14485, 0.156709, 0.153028, 0.135267, 0.170554, 0.178565, 0.150982, 0.12544, 0.119137, 0.0676622, 0.00956834, 0.0287903, 0.0215567, 0.21683, 0.132525, 0.12019, 0.146205, 0.223598, 0.205952, 0.220357, 0.191766, 0.169903, 0.176004, 0.188405, 0.160583, 0.189403, 0.184481, 0.183588, 0.208738, 0.175126
		1860, 0.00687642, 0.00595627, 0.00758413, 0, 0, 0, 0, 0.00756247, 0.00798173, 0.00773902, 0.0106317, 0.00878866, 0.00847397, 0.00944422, 0.00902663, 0.00991366, 0.00814249, 0.00650329, 0.00757046, 0.00782396, 0.0077789, 0.00871967, 0.0084208, 0.00796352, 0.00553674, 0.00603242, 0.00123695, 4.44747e-06, 0, 0, 0, 0.0113658, 0.00998103, 0.00756133, 0.0186655, 0.010323, 0.00939629, 0.00911136, 0.00919898, 0.00860383, 0.00708671, 0.00875638, 0.0157176, 0.0113125, 0.010371, 0.00699998, 0.00815384, 0.00750046, 0.00696851, 0.00624271, 0.00372496, 0.00120719, 0, 0, 0, 0.0115844, 0.00803319, 0.00573762, 0.00916113, 0.0062966, 0.00706991, 0.0116624, 0.00931136, 0.00671928, 0.00544905, 0.00653642, 0.0098936, 0.00799441, 0.00991584, 0.00966549, 0.0102451, 0.00684306, 0.00484278, 0.00528447, 0.00599427, 0.000609305, 0, 0, 0, 0.0117751, 0.00640219, 0.00728836, 0.0064044, 0.00813213, 0.0079421, 0.00872949, 0.007165, 0.00649228, 0.0050435, 0.00518701, 0.00869625, 0.00917501, 0.00875373, 0.00876771, 0.00768243, 0.00992727, 0.00826602, 0.00522974, 0.0053363, 0.00360966, 0, 0, 0, 0.00650612, 0.00479237, 0.00779193, 0.00538852, 0.00821295, 0.0104523, 0.00585079, 0.00594508, 0.00617281, 0.00604733, 0.00523659, 0.00644499, 0.00636271, 0.00593526, 0.00644736, 0.00569474, 0.00505484, 0.0049476, 0.00682028, 0.00730429, 0.000516474, 0, 0, 0, 0.00576783, 0.0029539, 0.00278297, 0.00387297, 0.00504199, 0.00490005, 0.00637197, 0.00683358, 0.0102052, 0.0058812, 0.00612925, 0.00798359, 0.00999516, 0.0102237, 0.00835348, 0.0130255, 0.0131056, 0.00717814, 0.00590964, 0.00614448, 0.000186027, 0, 0, 0.0402624, 0.00730034, 0.00530012, 0.00550087, 0.00509767, 0.00740857, 0.00920098, 0.00972324, 0.00630756, 0.00822371, 0.00536707, 0.00758031, 0.0112888, 0.00961402, 0.00860608, 0.00981846, 0.00994051, 0.00780063
		678, 0.0048716, 0, 0, 0, 0, 0, 0, 0, 0.00359409, 0.00250191, 0.00243842, 0.00135559, 0.0044145, 0.00541277, 0.00553395, 0.00140481, 0.00539293, 0.00261587, 0.00253355, 0.000800054, 0.00162837, 0.000753366, 0.0025449, 0.00412444, 0.00120665, 0, 0, 0, 0, 0, 0, 0, 0, 0.0018222, 0.00322471, 0.000779611, 0.000988011, 0.00385136, 0.00449858, 0.00253989, 0.000671992, 0.000884287, 0.00614333, 0, 0.00221025, 0.00287579, 0.00143564, 0.000654111, 0.00115745, 0, 0, 0, 0, 0, 0, 0, 0.000167586, 0.002824, 0.00535706, 0.000699422, 0.00227129, 0.00131018, 0.00167859, 0.000557431, 0.000514423, 0.000608327, 0.000210432, 0.00468919, 0.00321315, 0.000229912, 0.00285343, 0.000211334, 0.00100705, 0, 0, 0, 0, 0, 0, 0, 0.0142807, 0.00346958, 0.000201321, 0.0031918, 0.00431006, 0.000646152, 0.00320003, 0.00208817, 0.00126622, 0.00165418, 0.00219154, 0.000734191, 0.00305674, 0.00330382, 0.0031638, 0.00294433, 0.00105021, 4.17886e-05, 0, 0, 0, 0, 0, 0, 0.00191921, 0.00288553, 0.00137903, 0.000109354, 0.000197813, 0.00186038, 0.00045263, 0.00238628, 0.00126517, 0.00279727, 0.00913088, 0.00371965, 0.00414393, 0.00134693, 0.0025869, 0.00309513, 0.00367943, 0.00192596, 0, 0, 0, 0, 0, 0, 0.000926836, 0.00254209, 0.00224656, 0.00223749, 0.0030111, 0.00173587, 0.00307651, 0.000583266, 0.00117758, 0.00384138, 0.004188, 0.00156659, 0.000681526, 0.000338014, 0.00572359, 0.029716, 0.00545126, 6.10913e-06, 0, 0, 0, 0, 0, 0, 0, 0.00443183, 0.00432753, 0.00567596, 0.00500438, 0.00246678, 0.00401006, 0.000144153, 0.0016493, 0.00421856, 0.00110727, 0.00268914, 0.00175427, 0.0018501, 0.00228103, 0.0028314
		48, 0.0109408, 0.0131044, 0.0139226, 0, 0, 0.0382576, 0, 0.00727795, 0.0146631, 0.012602, 0.0171337, 0.0222493, 0.021438, 0.0213867, 0.0236716, 0.0204573, 0.0187997, 0.0213805, 0.0190133, 0.0193436, 0.0139032, 0.0129575, 0.0193425, 0.0190634, 0.0405786, 0.0134133, 0.010775, 0, 0, 0, 0, 0.0163699, 0.0112787, 0.0115596, 0.023798, 0.0208227, 0.0232801, 0.0186299, 0.0219629, 0.0192701, 0.0182455, 0.0200965, 0.0260505, 0.0162128, 0.0283651, 0.0349545, 0.0215545, 0.0166648, 0.0107811, 0.00915666, 0.0049899, 0, 0, 0, 1.60722e-06, 0.00375975, 0.0109, 0.00957984, 0.0175347, 0.0158365, 0.0309004, 0.0200475, 0.0176302, 0.0155756, 0.0155747, 0.0183528, 0.0170575, 0.0183815, 0.0154795, 0.0173121, 0.014924, 0.0139911, 0.0132369, 0.016317, 0.000627198, 0.00112146, 0, 0, 0, 0.011031, 0.0127058, 0.0125972, 0.015166, 0.0207938, 0.0144508, 0.0145847, 0.0258446, 0.0181778, 0.0150079, 0.0228426, 0.0163987, 0.0183392, 0.0162069, 0.0181848, 0.0140347, 0.0147607, 0.0129592, 0.0104528, 0.000654534, 0.00128075, 0, 0, 0, 0.0120533, 0.0132562, 0.00968915, 0.0123134, 0.0159332, 0.0184166, 0.00812007, 0.0161672, 0.0208887, 0.0153618, 0.0155718, 0.0131798, 0.0110668, 0.0115673, 0.00993604, 0.0100495, 0.00824207, 0.00823818, 0.0117715, 0.00480139, 0, 0, 0, 0, 0.00171824, 0.00621868, 0.00624188, 0.00652127, 0.00966449, 0.0084326, 0.00767719, 0.0170132, 0.0202654, 0.0156264, 0.0212555, 0.0157775, 0.0190228, 0.0223765, 0.0234834, 0.0214502, 0.0177493, 0.0140127, 0.0130044, 0.007237, 0.00267403, 0.00417129, 0, 0, 0.00308473, 0.0134564, 0.00963605, 0.017142, 0.0201663, 0.0181978, 0.0200696, 0.0257304, 0.0248996, 0.0259707, 0.024265, 0.0132759, 0.0165134, 0.0164529, 0.0173787, 0.0166426, 0.0128895
		126, 0.00563496, 0, 0, 0, 0, 0, 0, 0, 0.000731879, 0.00402342, 0.00742914, 0.00409163, 0.00506484, 0.00418834, 0.00474525, 0.00292109, 0.00636535, 0.00615096, 0.00359807, 0.00349852, 0.00315179, 0.000410652, 0.00820049, 0.000349654, 0, 0, 0, 0, 0, 0, 0, 0, 0.00483256, 0.0028878, 0.00265055, 0.00389139, 0.00652971, 0.00369611, 0.00315843, 0.00450762, 0.00434358, 0.00562533, 0.00361168, 0.0034576, 0.00320908, 0.00258992, 0.00189438, 0, 0, 0, 0, 0, 0, 0, 0, 0, 0.00151101, 0.00268974, 0.00564199, 0.00552036, 0.00430225, 0.00561003, 0.00301399, 0.00425602, 0.00429066, 0.00595126, 0.00544131, 0.00308727, 0.00348128, 0.00314182, 0.000250385, 0, 1.94433e-06, 0, 0, 0, 0, 0, 0, 0, 0.00377908, 0.00341264, 0.0025524, 0.0052643, 0.00332923, 0.00435105, 0.00275286, 0.00344968, 0.00381128, 0.00205111, 0.00468451, 0.00267044, 0.00281361, 0.00162813, 0, 0, 0.000265482, 0, 0, 0, 0, 0, 0, 0, 0.00316515, 0.0022077, 0.00308794, 0.00423324, 0.00415461, 0.00174493, 0.00319743, 0.00302985, 0.00149172, 0.00336684, 0.0033062, 0.00230228, 0.00223157, 0.00229397, 0.00325558, 7.88487e-09, 1.06506e-05, 0, 0, 0, 0, 0, 0, 0, 0.00586522, 0.0022993, 0.00253826, 0.00425792, 0.00359372, 0.00176784, 0.00302411, 0.00503886, 0.003951, 0.00356675, 0.00503202, 0.00634143, 0.0120746, 0.00677581, 0.00379231, 0.00339506, 0.00324534, 0, 0, 0, 0, 0, 0, 0, 0.00566821, 0.00446468, 0.00426789, 0.00837746, 0.00532124, 0.00356387, 0.00303636, 0.00786902, 0.00960304, 0.00309645, 0.00267473, 0.00204381, 0.00486797, 0.00326161, 0.00273322, 0.0015904
}
Iter No. 3 silhouette evaluation = 0.227237

Iteration No. 4 Means = 
{
		767, 0.0222487, 0.0222471, 0.0173954, 0, 0.00815238, 0, 0, 0.0310864, 0.0313005, 0.0547344, 0.0700691, 0.0695982, 0.0544021, 0.0610777, 0.0679497, 0.0674796, 0.0684095, 0.0578881, 0.0682761, 0.0505732, 0.0363326, 0.0321515, 0.0262754, 0.0287553, 0.0213213, 0.0143455, 0.0124053, 0.019783, 0, 0, 0, 0.0288003, 0.0298098, 0.0341224, 0.0412495, 0.061625, 0.0711945, 0.0590514, 0.0521244, 0.0459009, 0.060851, 0.0640637, 0.0590094, 0.050064, 0.0368225, 0.0251256, 0.0261905, 0.0261169, 0.0248787, 0.0188641, 0.00870377, 0.000764677, 0, 0, 0, 0.0293542, 0.0201004, 0.0335063, 0.0605924, 0.043764, 0.0591208, 0.0491343, 0.0569936, 0.0462857, 0.0425972, 0.0487451, 0.0629818, 0.0483133, 0.0389127, 0.0280197, 0.033191, 0.0249555, 0.0185814, 0.0177916, 0.0186951, 0, 0, 0, 0.00231202, 0.0298377, 0.0326691, 0.0301323, 0.0462957, 0.037881, 0.0328037, 0.0511065, 0.0379537, 0.0386014, 0.0397467, 0.0459466, 0.0506249, 0.0474052, 0.0302439, 0.02434, 0.0202233, 0.0205449, 0.026982, 0.0226142, 0.020137, 0, 0, 0, 0, 0.0340238, 0.0242559, 0.0254138, 0.032756, 0.0381428, 0.0335159, 0.0191155, 0.0313657, 0.0262386, 0.0237756, 0.0265773, 0.0266139, 0.0301399, 0.0272081, 0.018863, 0.0142881, 0.0125306, 0.0111239, 0.0175438, 0.00972719, 0, 0, 0, 0, 0.00471854, 0.00663994, 0.0123583, 0.017782, 0.0149253, 0.0170826, 0.0225282, 0.0186622, 0.0240206, 0.0170462, 0.0253035, 0.0158368, 0.0235352, 0.02748, 0.0197554, 0.01824, 0.016757, 0.0228097, 0.0145976, 0.0146887, 0.010386, 0, 0, 0, 0.0266918, 0.0187882, 0.0172257, 0.0242842, 0.0431369, 0.0353833, 0.047271, 0.0349741, 0.0375348, 0.0329762, 0.0377829, 0.0282844, 0.0283613, 0.0270743, 0.0299001, 0.0363389, 0.028008
		67, 0.146787, 0.137745, 0.124864, 0.0477237, 0, 0, 0.0149889, 0.235892, 0.180788, 0.165054, 0.217265, 0.201446, 0.17083, 0.214387, 0.18108, 0.18297, 0.196694, 0.1654, 0.203641, 0.190766, 0.183675, 0.204592, 0.197276, 0.18636, 0.135996, 0.111262, 0.122015, 0.0221725, 0.0329087, 0, 0.0156835, 0.217815, 0.163791, 0.133392, 0.1433, 0.182358, 0.205633, 0.192203, 0.181685, 0.158487, 0.155012, 0.177985, 0.225241, 0.213523, 0.177721, 0.191894, 0.201011, 0.178792, 0.162472, 0.146449, 0.154704, 0.0763204, 0, 0, 0.00478274, 0.207147, 0.133719, 0.10472, 0.246889, 0.155165, 0.20148, 0.191716, 0.188909, 0.142771, 0.126848, 0.143486, 0.180205, 0.176538, 0.178726, 0.16752, 0.212692, 0.178836, 0.139198, 0.107976, 0.130367, 0.0474121, 0, 0, 0.00780566, 0.231428, 0.144074, 0.10719, 0.154384, 0.139034, 0.12883, 0.164575, 0.14486, 0.12753, 0.138489, 0.126403, 0.173455, 0.196936, 0.169793, 0.189388, 0.219767, 0.1781, 0.161951, 0.169329, 0.132034, 0.056537, 0, 0, 0.0131487, 0.24965, 0.137263, 0.0968861, 0.11812, 0.134314, 0.121787, 0.0931891, 0.110759, 0.119378, 0.0942575, 0.0945463, 0.108553, 0.122782, 0.138411, 0.12064, 0.120028, 0.10849, 0.112056, 0.127659, 0.131021, 0.0649333, 0, 0, 0.0213409, 0.117294, 0.0760639, 0.080134, 0.124011, 0.110737, 0.114893, 0.0939178, 0.138383, 0.150004, 0.133573, 0.138248, 0.14485, 0.156709, 0.153028, 0.135267, 0.170554, 0.178565, 0.150982, 0.12544, 0.119137, 0.0676622, 0.00956834, 0.0287903, 0.0215567, 0.21683, 0.132525, 0.12019, 0.146205, 0.223598, 0.205952, 0.220357, 0.191766, 0.169903, 0.176004, 0.188405, 0.160583, 0.189403, 0.184481, 0.183588, 0.208738, 0.175126
		1860, 0.00687642, 0.00595627, 0.00758413, 0, 0, 0, 0, 0.00756247, 0.00798173, 0.00773902, 0.0106317, 0.00878866, 0.00847397, 0.00944422, 0.00902663, 0.00991366, 0.00814249, 0.00650329, 0.00757046, 0.00782396, 0.0077789, 0.00871967, 0.0084208, 0.00796352, 0.00553674, 0.00603242, 0.00123695, 4.44747e-06, 0, 0, 0, 0.0113658, 0.00998103, 0.00756133, 0.0186655, 0.010323, 0.00939629, 0.00911136, 0.00919898, 0.00860383, 0.00708671, 0.00875638, 0.0157176, 0.0113125, 0.010371, 0.00699998, 0.00815384, 0.00750046, 0.00696851, 0.00624271, 0.00372496, 0.00120719, 0, 0, 0, 0.0115844, 0.00803319, 0.00573762, 0.00916113, 0.0062966, 0.00706991, 0.0116624, 0.00931136, 0.00671928, 0.00544905, 0.00653642, 0.0098936, 0.00799441, 0.00991584, 0.00966549, 0.0102451, 0.00684306, 0.00484278, 0.00528447, 0.00599427, 0.000609305, 0, 0, 0, 0.0117751, 0.00640219, 0.00728836, 0.0064044, 0.00813213, 0.0079421, 0.00872949, 0.007165, 0.00649228, 0.0050435, 0.00518701, 0.00869625, 0.00917501, 0.00875373, 0.00876771, 0.00768243, 0.00992727, 0.00826602, 0.00522974, 0.0053363, 0.00360966, 0, 0, 0, 0.00650612, 0.00479237, 0.00779193, 0.00538852, 0.00821295, 0.0104523, 0.00585079, 0.00594508, 0.00617281, 0.00604733, 0.00523659, 0.00644499, 0.00636271, 0.00593526, 0.00644736, 0.00569474, 0.00505484, 0.0049476, 0.00682028, 0.00730429, 0.000516474, 0, 0, 0, 0.00576783, 0.0029539, 0.00278297, 0.00387297, 0.00504199, 0.00490005, 0.00637197, 0.00683358, 0.0102052, 0.0058812, 0.00612925, 0.00798359, 0.00999516, 0.0102237, 0.00835348, 0.0130255, 0.0131056, 0.00717814, 0.00590964, 0.00614448, 0.000186027, 0, 0, 0.0402624, 0.00730034, 0.00530012, 0.00550087, 0.00509767, 0.00740857, 0.00920098, 0.00972324, 0.00630756, 0.00822371, 0.00536707, 0.00758031, 0.0112888, 0.00961402, 0.00860608, 0.00981846, 0.00994051, 0.00780063
		678, 0.0048716, 0, 0, 0, 0, 0, 0, 0, 0.00359409, 0.00250191, 0.00243842, 0.00135559, 0.0044145, 0.00541277, 0.00553395, 0.00140481, 0.00539293, 0.00261587, 0.00253355, 0.000800054, 0.00162837, 0.000753366, 0.0025449, 0.00412444, 0.00120665, 0, 0, 0, 0, 0, 0, 0, 0, 0.0018222, 0.00322471, 0.000779611, 0.000988011, 0.00385136, 0.00449858, 0.00253989, 0.000671992, 0.000884287, 0.00614333, 0, 0.00221025, 0.00287579, 0.00143564, 0.000654111, 0.00115745, 0, 0, 0, 0, 0, 0, 0, 0.000167586, 0.002824, 0.00535706, 0.000699422, 0.00227129, 0.00131018, 0.00167859, 0.000557431, 0.000514423, 0.000608327, 0.000210432, 0.00468919, 0.00321315, 0.000229912, 0.00285343, 0.000211334, 0.00100705, 0, 0, 0, 0, 0, 0, 0, 0.0142807, 0.00346958, 0.000201321, 0.0031918, 0.00431006, 0.000646152, 0.00320003, 0.00208817, 0.00126622, 0.00165418, 0.00219154, 0.000734191, 0.00305674, 0.00330382, 0.0031638, 0.00294433, 0.00105021, 4.17886e-05, 0, 0, 0, 0, 0, 0, 0.00191921, 0.00288553, 0.00137903, 0.000109354, 0.000197813, 0.00186038, 0.00045263, 0.00238628, 0.00126517, 0.00279727, 0.00913088, 0.00371965, 0.00414393, 0.00134693, 0.0025869, 0.00309513, 0.00367943, 0.00192596, 0, 0, 0, 0, 0, 0, 0.000926836, 0.00254209, 0.00224656, 0.00223749, 0.0030111, 0.00173587, 0.00307651, 0.000583266, 0.00117758, 0.00384138, 0.004188, 0.00156659, 0.000681526, 0.000338014, 0.00572359, 0.029716, 0.00545126, 6.10913e-06, 0, 0, 0, 0, 0, 0, 0, 0.00443183, 0.00432753, 0.00567596, 0.00500438, 0.00246678, 0.00401006, 0.000144153, 0.0016493, 0.00421856, 0.00110727, 0.00268914, 0.00175427, 0.0018501, 0.00228103, 0.0028314
		8, 0.246768, 0.234774, 0.116256, 0.106543, 0.0383129, 0.146288, 0.0750639, 0.163482, 0.0874868, 0.113095, 0.220891, 0.217058, 0.246943, 0.376855, 0.349004, 0.386104, 0.394706, 0.333803, 0.370361, 0.344704, 0.328379, 0.343638, 0.278056, 0.223299, 0.192736, 0.171589, 0.122456, 0.0849581, 0.0705463, 0, 0.0111491, 0.052817, 0.068555, 0.0679313, 0.142507, 0.201812, 0.284685, 0.309827, 0.382411, 0.300703, 0.336532, 0.381112, 0.397812, 0.339718, 0.290213, 0.277618, 0.222062, 0.249651, 0.165174, 0.166509, 0.0977531, 0.0851673, 0.0404232, 0.0708697, 0.0427553, 0.0830195, 0.0652357, 0.0782358, 0.202666, 0.213852, 0.265609, 0.322876, 0.310072, 0.301108, 0.258326, 0.250727, 0.349231, 0.271372, 0.336807, 0.306506, 0.278794, 0.198786, 0.130862, 0.149286, 0.093457, 0.136348, 0.0368102, 0, 0.000662872, 0.107652, 0.0616765, 0.0594562, 0.210719, 0.179599, 0.210161, 0.243879, 0.277918, 0.220086, 0.224369, 0.262238, 0.32261, 0.32364, 0.237866, 0.307539, 0.239194, 0.211125, 0.133176, 0.127772, 0.132901, 0.0941247, 0.0269372, 0, 0.0133653, 0.0824929, 0.0600852, 0.0736168, 0.148094, 0.163478, 0.148677, 0.157193, 0.181319, 0.208453, 0.174784, 0.206969, 0.190393, 0.200732, 0.209386, 0.233333, 0.150842, 0.131766, 0.10223, 0.133219, 0.114145, 0.0599625, 0.0366233, 0, 0.00503601, 0.0485434, 0.0467575, 0.0511377, 0.118889, 0.145997, 0.200256, 0.226195, 0.346354, 0.427895, 0.335704, 0.437163, 0.444117, 0.456502, 0.466879, 0.42346, 0.351591, 0.334745, 0.187596, 0.178464, 0.158896, 0.0933214, 0.0233641, 0, 0.0137598, 0.0540598, 0.109673, 0.0864039, 0.126799, 0.303062, 0.318772, 0.394763, 0.481869, 0.393695, 0.425452, 0.458455, 0.437107, 0.401584, 0.390783, 0.372854, 0.328309, 0.249406
		126, 0.00563496, 0, 0, 0, 0, 0, 0, 0, 0.000731879, 0.00402342, 0.00742914, 0.00409163, 0.00506484, 0.00418834, 0.00474525, 0.00292109, 0.00636535, 0.00615096, 0.00359807, 0.00349852, 0.00315179, 0.000410652, 0.00820049, 0.000349654, 0, 0, 0, 0, 0, 0, 0, 0, 0.00483256, 0.0028878, 0.00265055, 0.00389139, 0.00652971, 0.00369611, 0.00315843, 0.00450762, 0.00434358, 0.00562533, 0.00361168, 0.0034576, 0.00320908, 0.00258992, 0.00189438, 0, 0, 0, 0, 0, 0, 0, 0, 0, 0.00151101, 0.00268974, 0.00564199, 0.00552036, 0.00430225, 0.00561003, 0.00301399, 0.00425602, 0.00429066, 0.00595126, 0.00544131, 0.00308727, 0.00348128, 0.00314182, 0.000250385, 0, 1.94433e-06, 0, 0, 0, 0, 0, 0, 0, 0.00377908, 0.00341264, 0.0025524, 0.0052643, 0.00332923, 0.00435105, 0.00275286, 0.00344968, 0.00381128, 0.00205111, 0.00468451, 0.00267044, 0.00281361, 0.00162813, 0, 0, 0.000265482, 0, 0, 0, 0, 0, 0, 0, 0.00316515, 0.0022077, 0.00308794, 0.00423324, 0.00415461, 0.00174493, 0.00319743, 0.00302985, 0.00149172, 0.00336684, 0.0033062, 0.00230228, 0.00223157, 0.00229397, 0.00325558, 7.88487e-09, 1.06506e-05, 0, 0, 0, 0, 0, 0, 0, 0.00586522, 0.0022993, 0.00253826, 0.00425792, 0.00359372, 0.00176784, 0.00302411, 0.00503886, 0.003951, 0.00356675, 0.00503202, 0.00634143, 0.0120746, 0.00677581, 0.00379231, 0.00339506, 0.00324534, 0, 0, 0, 0, 0, 0, 0, 0.00566821, 0.00446468, 0.00426789, 0.00837746, 0.00532124, 0.00356387, 0.00303636, 0.00786902, 0.00960304, 0.00309645, 0.00267473, 0.00204381, 0.00486797, 0.00326161, 0.00273322, 0.0015904
}
Iter No. 4 silhouette evaluation = 0.219354

Iteration No. 5 Means = 
{
		767, 0.0222487, 0.0222471, 0.0173954, 0, 0.00815238, 0, 0, 0.0310864, 0.0313005, 0.0547344, 0.0700691, 0.0695982, 0.0544021, 0.0610777, 0.0679497, 0.0674796, 0.0684095, 0.0578881, 0.0682761, 0.0505732, 0.0363326, 0.0321515, 0.0262754, 0.0287553, 0.0213213, 0.0143455, 0.0124053, 0.019783, 0, 0, 0, 0.0288003, 0.0298098, 0.0341224, 0.0412495, 0.061625, 0.0711945, 0.0590514, 0.0521244, 0.0459009, 0.060851, 0.0640637, 0.0590094, 0.050064, 0.0368225, 0.0251256, 0.0261905, 0.0261169, 0.0248787, 0.0188641, 0.00870377, 0.000764677, 0, 0, 0, 0.0293542, 0.0201004, 0.0335063, 0.0605924, 0.043764, 0.0591208, 0.0491343, 0.0569936, 0.0462857, 0.0425972, 0.0487451, 0.0629818, 0.0483133, 0.0389127, 0.0280197, 0.033191, 0.0249555, 0.0185814, 0.0177916, 0.0186951, 0, 0, 0, 0.00231202, 0.0298377, 0.0326691, 0.0301323, 0.0462957, 0.037881, 0.0328037, 0.0511065, 0.0379537, 0.0386014, 0.0397467, 0.0459466, 0.0506249, 0.0474052, 0.0302439, 0.02434, 0.0202233, 0.0205449, 0.026982, 0.0226142, 0.020137, 0, 0, 0, 0, 0.0340238, 0.0242559, 0.0254138, 0.032756, 0.0381428, 0.0335159, 0.0191155, 0.0313657, 0.0262386, 0.0237756, 0.0265773, 0.0266139, 0.0301399, 0.0272081, 0.018863, 0.0142881, 0.0125306, 0.0111239, 0.0175438, 0.00972719, 0, 0, 0, 0, 0.00471854, 0.00663994, 0.0123583, 0.017782, 0.0149253, 0.0170826, 0.0225282, 0.0186622, 0.0240206, 0.0170462, 0.0253035, 0.0158368, 0.0235352, 0.02748, 0.0197554, 0.01824, 0.016757, 0.0228097, 0.0145976, 0.0146887, 0.010386, 0, 0, 0, 0.0266918, 0.0187882, 0.0172257, 0.0242842, 0.0431369, 0.0353833, 0.047271, 0.0349741, 0.0375348, 0.0329762, 0.0377829, 0.0282844, 0.0283613, 0.0270743, 0.0299001, 0.0363389, 0.028008
		67, 0.146787, 0.137745, 0.124864, 0.0477237, 0, 0, 0.0149889, 0.235892, 0.180788, 0.165054, 0.217265, 0.201446, 0.17083, 0.214387, 0.18108, 0.18297, 0.196694, 0.1654, 0.203641, 0.190766, 0.183675, 0.204592, 0.197276, 0.18636, 0.135996, 0.111262, 0.122015, 0.0221725, 0.0329087, 0, 0.0156835, 0.217815, 0.163791, 0.133392, 0.1433, 0.182358, 0.205633, 0.192203, 0.181685, 0.158487, 0.155012, 0.177985, 0.225241, 0.213523, 0.177721, 0.191894, 0.201011, 0.178792, 0.162472, 0.146449, 0.154704, 0.0763204, 0, 0, 0.00478274, 0.207147, 0.133719, 0.10472, 0.246889, 0.155165, 0.20148, 0.191716, 0.188909, 0.142771, 0.126848, 0.143486, 0.180205, 0.176538, 0.178726, 0.16752, 0.212692, 0.178836, 0.139198, 0.107976, 0.130367, 0.0474121, 0, 0, 0.00780566, 0.231428, 0.144074, 0.10719, 0.154384, 0.139034, 0.12883, 0.164575, 0.14486, 0.12753, 0.138489, 0.126403, 0.173455, 0.196936, 0.169793, 0.189388, 0.219767, 0.1781, 0.161951, 0.169329, 0.132034, 0.056537, 0, 0, 0.0131487, 0.24965, 0.137263, 0.0968861, 0.11812, 0.134314, 0.121787, 0.0931891, 0.110759, 0.119378, 0.0942575, 0.0945463, 0.108553, 0.122782, 0.138411, 0.12064, 0.120028, 0.10849, 0.112056, 0.127659, 0.131021, 0.0649333, 0, 0, 0.0213409, 0.117294, 0.0760639, 0.080134, 0.124011, 0.110737, 0.114893, 0.0939178, 0.138383, 0.150004, 0.133573, 0.138248, 0.14485, 0.156709, 0.153028, 0.135267, 0.170554, 0.178565, 0.150982, 0.12544, 0.119137, 0.0676622, 0.00956834, 0.0287903, 0.0215567, 0.21683, 0.132525, 0.12019, 0.146205, 0.223598, 0.205952, 0.220357, 0.191766, 0.169903, 0.176004, 0.188405, 0.160583, 0.189403, 0.184481, 0.183588, 0.208738, 0.175126
		1860, 0.00687642, 0.00595627, 0.00758413, 0, 0, 0, 0, 0.00756247, 0.00798173, 0.00773902, 0.0106317, 0.00878866, 0.00847397, 0.00944422, 0.00902663, 0.00991366, 0.00814249, 0.00650329, 0.00757046, 0.00782396, 0.0077789, 0.00871967, 0.0084208, 0.00796352, 0.00553674, 0.00603242, 0.00123695, 4.44747e-06, 0, 0, 0, 0.0113658, 0.00998103, 0.00756133, 0.0186655, 0.010323, 0.00939629, 0.00911136, 0.00919898, 0.00860383, 0.00708671, 0.00875638, 0.0157176, 0.0113125, 0.010371, 0.00699998, 0.00815384, 0.00750046, 0.00696851, 0.00624271, 0.00372496, 0.00120719, 0, 0, 0, 0.0115844, 0.00803319, 0.00573762, 0.00916113, 0.0062966, 0.00706991, 0.0116624, 0.00931136, 0.00671928, 0.00544905, 0.00653642, 0.0098936, 0.00799441, 0.00991584, 0.00966549, 0.0102451, 0.00684306, 0.00484278, 0.00528447, 0.00599427, 0.000609305, 0, 0, 0, 0.0117751, 0.00640219, 0.00728836, 0.0064044, 0.00813213, 0.0079421, 0.00872949, 0.007165, 0.00649228, 0.0050435, 0.00518701, 0.00869625, 0.00917501, 0.00875373, 0.00876771, 0.00768243, 0.00992727, 0.00826602, 0.00522974, 0.0053363, 0.00360966, 0, 0, 0, 0.00650612, 0.00479237, 0.00779193, 0.00538852, 0.00821295, 0.0104523, 0.00585079, 0.00594508, 0.00617281, 0.00604733, 0.00523659, 0.00644499, 0.00636271, 0.00593526, 0.00644736, 0.00569474, 0.00505484, 0.0049476, 0.00682028, 0.00730429, 0.000516474, 0, 0, 0, 0.00576783, 0.0029539, 0.00278297, 0.00387297, 0.00504199, 0.00490005, 0.00637197, 0.00683358, 0.0102052, 0.0058812, 0.00612925, 0.00798359, 0.00999516, 0.0102237, 0.00835348, 0.0130255, 0.0131056, 0.00717814, 0.00590964, 0.00614448, 0.000186027, 0, 0, 0.0402624, 0.00730034, 0.00530012, 0.00550087, 0.00509767, 0.00740857, 0.00920098, 0.00972324, 0.00630756, 0.00822371, 0.00536707, 0.00758031, 0.0112888, 0.00961402, 0.00860608, 0.00981846, 0.00994051, 0.00780063
		678, 0.0048716, 0, 0, 0, 0, 0, 0, 0, 0.00359409, 0.00250191, 0.00243842, 0.00135559, 0.0044145, 0.00541277, 0.00553395, 0.00140481, 0.00539293, 0.00261587, 0.00253355, 0.000800054, 0.00162837, 0.000753366, 0.0025449, 0.00412444, 0.00120665, 0, 0, 0, 0, 0, 0, 0, 0, 0.0018222, 0.00322471, 0.000779611, 0.000988011, 0.00385136, 0.00449858, 0.00253989, 0.000671992, 0.000884287, 0.00614333, 0, 0.00221025, 0.00287579, 0.00143564, 0.000654111, 0.00115745, 0, 0, 0, 0, 0, 0, 0, 0.000167586, 0.002824, 0.00535706, 0.000699422, 0.00227129, 0.00131018, 0.00167859, 0.000557431, 0.000514423, 0.000608327, 0.000210432, 0.00468919, 0.00321315, 0.000229912, 0.00285343, 0.000211334, 0.00100705, 0, 0, 0, 0, 0, 0, 0, 0.0142807, 0.00346958, 0.000201321, 0.0031918, 0.00431006, 0.000646152, 0.00320003, 0.00208817, 0.00126622, 0.00165418, 0.00219154, 0.000734191, 0.00305674, 0.00330382, 0.0031638, 0.00294433, 0.00105021, 4.17886e-05, 0, 0, 0, 0, 0, 0, 0.00191921, 0.00288553, 0.00137903, 0.000109354, 0.000197813, 0.00186038, 0.00045263, 0.00238628, 0.00126517, 0.00279727, 0.00913088, 0.00371965, 0.00414393, 0.00134693, 0.0025869, 0.00309513, 0.00367943, 0.00192596, 0, 0, 0, 0, 0, 0, 0.000926836, 0.00254209, 0.00224656, 0.00223749, 0.0030111, 0.00173587, 0.00307651, 0.000583266, 0.00117758, 0.00384138, 0.004188, 0.00156659, 0.000681526, 0.000338014, 0.00572359, 0.029716, 0.00545126, 6.10913e-06, 0, 0, 0, 0, 0, 0, 0, 0.00443183, 0.00432753, 0.00567596, 0.00500438, 0.00246678, 0.00401006, 0.000144153, 0.0016493, 0.00421856, 0.00110727, 0.00268914, 0.00175427, 0.0018501, 0.00228103, 0.0028314
		1565, 0.0288909, 0.0368734, 0.0354372, 0.0103382, 0, 0, 0, 0.0132779, 0.0230952, 0.0241879, 0.0507202, 0.0566252, 0.0467346, 0.0633898, 0.0635763, 0.0633808, 0.0567439, 0.059228, 0.0672474, 0.0588387, 0.058184, 0.0617764, 0.0526022, 0.0380829, 0.0294219, 0.0279836, 0.0268789, 0.0114504, 0, 0, 0, 0.0337796, 0.0233168, 0.0227696, 0.0351177, 0.0531838, 0.0632927, 0.0675205, 0.0657613, 0.0518117, 0.0457196, 0.0557678, 0.0673614, 0.0516485, 0.051987, 0.0542307, 0.048784, 0.0293283, 0.0268871, 0.0251665, 0.025468, 0.028673, 0.00334338, 0, 0.00203361, 0.0294778, 0.0233214, 0.0157274, 0.0385951, 0.0501328, 0.0531813, 0.0510999, 0.0540312, 0.0477844, 0.0407425, 0.0405505, 0.0615194, 0.0517066, 0.0521203, 0.0513592, 0.0481947, 0.0309452, 0.0288004, 0.0295024, 0.022632, 0.00325992, 0, 0, 0, 0.0275118, 0.0202766, 0.0178063, 0.0322859, 0.0372595, 0.0367724, 0.046845, 0.0456702, 0.0405562, 0.0439134, 0.0479059, 0.0488285, 0.0519558, 0.0491253, 0.0498302, 0.0435791, 0.0349863, 0.0368248, 0.0281255, 0.0251143, 0.0435412, 0.010277, 0, 0, 0.0257634, 0.0167998, 0.0188934, 0.0278634, 0.0351292, 0.0327807, 0.0348563, 0.0322806, 0.0387883, 0.030512, 0.0350806, 0.0350258, 0.0447782, 0.0385504, 0.0403179, 0.0301477, 0.023354, 0.0210067, 0.0296959, 0.022695, 0.00619047, 0.00333305, 0, 0, 0.0120714, 0.0113043, 0.0123206, 0.0221815, 0.0297704, 0.0347802, 0.0376292, 0.0518024, 0.0682274, 0.0587334, 0.0680613, 0.0674682, 0.0655038, 0.0679805, 0.0682969, 0.0544996, 0.0582024, 0.0325177, 0.0253388, 0.0341582, 0.0134849, 0.00335648, 0, 0.00495497, 0.0197181, 0.0263952, 0.0286786, 0.0304351, 0.0419218, 0.0633974, 0.0760808, 0.0881042, 0.0739748, 0.0809869, 0.0713424, 0.0661063, 0.0655009, 0.0675433, 0.0746106, 0.061118, 0.0492745
		126, 0.00563496, 0, 0, 0, 0, 0, 0, 0, 0.000731879, 0.00402342, 0.00742914, 0.00409163, 0.00506484, 0.00418834, 0.00474525, 0.00292109, 0.00636535, 0.00615096, 0.00359807, 0.00349852, 0.00315179, 0.000410652, 0.00820049, 0.000349654, 0, 0, 0, 0, 0, 0, 0, 0, 0.00483256, 0.0028878, 0.00265055, 0.00389139, 0.00652971, 0.00369611, 0.00315843, 0.00450762, 0.00434358, 0.00562533, 0.00361168, 0.0034576, 0.00320908, 0.00258992, 0.00189438, 0, 0, 0, 0, 0, 0, 0, 0, 0, 0.00151101, 0.00268974, 0.00564199, 0.00552036, 0.00430225, 0.00561003, 0.00301399, 0.00425602, 0.00429066, 0.00595126, 0.00544131, 0.00308727, 0.00348128, 0.00314182, 0.000250385, 0, 1.94433e-06, 0, 0, 0, 0, 0, 0, 0, 0.00377908, 0.00341264, 0.0025524, 0.0052643, 0.00332923, 0.00435105, 0.00275286, 0.00344968, 0.00381128, 0.00205111, 0.00468451, 0.00267044, 0.00281361, 0.00162813, 0, 0, 0.000265482, 0, 0, 0, 0, 0, 0, 0, 0.00316515, 0.0022077, 0.00308794, 0.00423324, 0.00415461, 0.00174493, 0.00319743, 0.00302985, 0.00149172, 0.00336684, 0.0033062, 0.00230228, 0.00223157, 0.00229397, 0.00325558, 7.88487e-09, 1.06506e-05, 0, 0, 0, 0, 0, 0, 0, 0.00586522, 0.0022993, 0.00253826, 0.00425792, 0.00359372, 0.00176784, 0.00302411, 0.00503886, 0.003951, 0.00356675, 0.00503202, 0.00634143, 0.0120746, 0.00677581, 0.00379231, 0.00339506, 0.00324534, 0, 0, 0, 0, 0, 0, 0, 0.00566821, 0.00446468, 0.00426789, 0.00837746, 0.00532124, 0.00356387, 0.00303636, 0.00786902, 0.00960304, 0.00309645, 0.00267473, 0.00204381, 0.00486797, 0.00326161, 0.00273322, 0.0015904
}
Iter No. 5 silhouette evaluation = 0.233634

Iteration No. 6 Means = 
{
		767, 0.0222487, 0.0222471, 0.0173954, 0, 0.00815238, 0, 0, 0.0310864, 0.0313005, 0.0547344, 0.0700691, 0.0695982, 0.0544021, 0.0610777, 0.0679497, 0.0674796, 0.0684095, 0.0578881, 0.0682761, 0.0505732, 0.0363326, 0.0321515, 0.0262754, 0.0287553, 0.0213213, 0.0143455, 0.0124053, 0.019783, 0, 0, 0, 0.0288003, 0.0298098, 0.0341224, 0.0412495, 0.061625, 0.0711945, 0.0590514, 0.0521244, 0.0459009, 0.060851, 0.0640637, 0.0590094, 0.050064, 0.0368225, 0.0251256, 0.0261905, 0.0261169, 0.0248787, 0.0188641, 0.00870377, 0.000764677, 0, 0, 0, 0.0293542, 0.0201004, 0.0335063, 0.0605924, 0.043764, 0.0591208, 0.0491343, 0.0569936, 0.0462857, 0.0425972, 0.0487451, 0.0629818, 0.0483133, 0.0389127, 0.0280197, 0.033191, 0.0249555, 0.0185814, 0.0177916, 0.0186951, 0, 0, 0, 0.00231202, 0.0298377, 0.0326691, 0.0301323, 0.0462957, 0.037881, 0.0328037, 0.0511065, 0.0379537, 0.0386014, 0.0397467, 0.0459466, 0.0506249, 0.0474052, 0.0302439, 0.02434, 0.0202233, 0.0205449, 0.026982, 0.0226142, 0.020137, 0, 0, 0, 0, 0.0340238, 0.0242559, 0.0254138, 0.032756, 0.0381428, 0.0335159, 0.0191155, 0.0313657, 0.0262386, 0.0237756, 0.0265773, 0.0266139, 0.0301399, 0.0272081, 0.018863, 0.0142881, 0.0125306, 0.0111239, 0.0175438, 0.00972719, 0, 0, 0, 0, 0.00471854, 0.00663994, 0.0123583, 0.017782, 0.0149253, 0.0170826, 0.0225282, 0.0186622, 0.0240206, 0.0170462, 0.0253035, 0.0158368, 0.0235352, 0.02748, 0.0197554, 0.01824, 0.016757, 0.0228097, 0.0145976, 0.0146887, 0.010386, 0, 0, 0, 0.0266918, 0.0187882, 0.0172257, 0.0242842, 0.0431369, 0.0353833, 0.047271, 0.0349741, 0.0375348, 0.0329762, 0.0377829, 0.0282844, 0.0283613, 0.0270743, 0.0299001, 0.0363389, 0.028008
		67, 0.146787, 0.137745, 0.124864, 0.0477237, 0, 0, 0.0149889, 0.235892, 0.180788, 0.165054, 0.217265, 0.201446, 0.17083, 0.214387, 0.18108, 0.18297, 0.196694, 0.1654, 0.203641, 0.190766, 0.183675, 0.204592, 0.197276, 0.18636, 0.135996, 0.111262, 0.122015, 0.0221725, 0.0329087, 0, 0.0156835, 0.217815, 0.163791, 0.133392, 0.1433, 0.182358, 0.205633, 0.192203, 0.181685, 0.158487, 0.155012, 0.177985, 0.225241, 0.213523, 0.177721, 0.191894, 0.201011, 0.178792, 0.162472, 0.146449, 0.154704, 0.0763204, 0, 0, 0.00478274, 0.207147, 0.133719, 0.10472, 0.246889, 0.155165, 0.20148, 0.191716, 0.188909, 0.142771, 0.126848, 0.143486, 0.180205, 0.176538, 0.178726, 0.16752, 0.212692, 0.178836, 0.139198, 0.107976, 0.130367, 0.0474121, 0, 0, 0.00780566, 0.231428, 0.144074, 0.10719, 0.154384, 0.139034, 0.12883, 0.164575, 0.14486, 0.12753, 0.138489, 0.126403, 0.173455, 0.196936, 0.169793, 0.189388, 0.219767, 0.1781, 0.161951, 0.169329, 0.132034, 0.056537, 0, 0, 0.0131487, 0.24965, 0.137263, 0.0968861, 0.11812, 0.134314, 0.121787, 0.0931891, 0.110759, 0.119378, 0.0942575, 0.0945463, 0.108553, 0.122782, 0.138411, 0.12064, 0.120028, 0.10849, 0.112056, 0.127659, 0.131021, 0.0649333, 0, 0, 0.0213409, 0.117294, 0.0760639, 0.080134, 0.124011, 0.110737, 0.114893, 0.0939178, 0.138383, 0.150004, 0.133573, 0.138248, 0.14485, 0.156709, 0.153028, 0.135267, 0.170554, 0.178565, 0.150982, 0.12544, 0.119137, 0.0676622, 0.00956834, 0.0287903, 0.0215567, 0.21683, 0.132525, 0.12019, 0.146205, 0.223598, 0.205952, 0.220357, 0.191766, 0.169903, 0.176004, 0.188405, 0.160583, 0.189403, 0.184481, 0.183588, 0.208738, 0.175126
		1728, 0.00325742, 0.00228103, 0.00077085, 0, 0, 0, 0, 0.0057935, 0.0039259, 0.00410818, 0.00549726, 0.00489938, 0.00353928, 0.00448185, 0.0045249, 0.00451947, 0.00350032, 0.00392524, 0.00422163, 0.00361865, 0.00346629, 0.00407252, 0.00348556, 0.00353548, 0.00270608, 0.00223687, 0, 0, 0, 0, 0, 0.005363, 0.00184877, 0.00351819, 0.0061216, 0.00358926, 0.00361658, 0.00370761, 0.00426002, 0.00385643, 0.00288296, 0.0044563, 0.00794414, 0.00584133, 0.00705859, 0.00355216, 0.002665, 0.00286383, 0.00400512, 0.00299674, 0, 0, 0, 0, 0, 0.00546614, 0.00281676, 0.00281695, 0.00427973, 0.00319874, 0.00344902, 0.00577704, 0.00400843, 0.00275804, 0.00289002, 0.00262907, 0.00495558, 0.00335107, 0.00382866, 0.00263872, 0.00360003, 0.00260031, 0.00194883, 0.00218761, 0.00359316, 0, 0, 0, 0, 0.00555617, 0.00401537, 0.00408302, 0.00319625, 0.00460654, 0.00363592, 0.00384198, 0.00333508, 0.00365023, 0.00274371, 0.00264163, 0.00410527, 0.00478072, 0.00394618, 0.00384884, 0.00368633, 0.0027299, 0.00314102, 0.00222243, 0.00374977, 0, 0, 0, 0, 0.00633568, 0.0015609, 0.00478138, 0.00290462, 0.00394057, 0.00401889, 0.00215099, 0.00312991, 0.00295806, 0.00252068, 0.0024108, 0.0028838, 0.00287357, 0.00247314, 0.00375155, 0.00178184, 0.00167949, 0.00210939, 0.00378563, 0.00344657, 0, 0, 0, 0, 0.00308307, 0.00181546, 0.00188928, 0.00192906, 0.00269808, 0.00277775, 0.00237393, 0.00308031, 0.0042245, 0.00224243, 0.00234557, 0.00225041, 0.0029137, 0.00390017, 0.00324225, 0.00393549, 0.00478496, 0.00239828, 0.00217303, 0.00264974, 0, 0, 0, 0.0222948, 0.00498747, 0.00427066, 0.00244639, 0.00280688, 0.00280632, 0.00479891, 0.00404578, 0.00286812, 0.00373906, 0.00304054, 0.00220635, 0.00392216, 0.00455717, 0.00242823, 0.00470123, 0.00384407, 0.00279728
		678, 0.0048716, 0, 0, 0, 0, 0, 0, 0, 0.00359409, 0.00250191, 0.00243842, 0.00135559, 0.0044145, 0.00541277, 0.00553395, 0.00140481, 0.00539293, 0.00261587, 0.00253355, 0.000800054, 0.00162837, 0.000753366, 0.0025449, 0.00412444, 0.00120665, 0, 0, 0, 0, 0, 0, 0, 0, 0.0018222, 0.00322471, 0.000779611, 0.000988011, 0.00385136, 0.00449858, 0.00253989, 0.000671992, 0.000884287, 0.00614333, 0, 0.00221025, 0.00287579, 0.00143564, 0.000654111, 0.00115745, 0, 0, 0, 0, 0, 0, 0, 0.000167586, 0.002824, 0.00535706, 0.000699422, 0.00227129, 0.00131018, 0.00167859, 0.000557431, 0.000514423, 0.000608327, 0.000210432, 0.00468919, 0.00321315, 0.000229912, 0.00285343, 0.000211334, 0.00100705, 0, 0, 0, 0, 0, 0, 0, 0.0142807, 0.00346958, 0.000201321, 0.0031918, 0.00431006, 0.000646152, 0.00320003, 0.00208817, 0.00126622, 0.00165418, 0.00219154, 0.000734191, 0.00305674, 0.00330382, 0.0031638, 0.00294433, 0.00105021, 4.17886e-05, 0, 0, 0, 0, 0, 0, 0.00191921, 0.00288553, 0.00137903, 0.000109354, 0.000197813, 0.00186038, 0.00045263, 0.00238628, 0.00126517, 0.00279727, 0.00913088, 0.00371965, 0.00414393, 0.00134693, 0.0025869, 0.00309513, 0.00367943, 0.00192596, 0, 0, 0, 0, 0, 0, 0.000926836, 0.00254209, 0.00224656, 0.00223749, 0.0030111, 0.00173587, 0.00307651, 0.000583266, 0.00117758, 0.00384138, 0.004188, 0.00156659, 0.000681526, 0.000338014, 0.00572359, 0.029716, 0.00545126, 6.10913e-06, 0, 0, 0, 0, 0, 0, 0, 0.00443183, 0.00432753, 0.00567596, 0.00500438, 0.00246678, 0.00401006, 0.000144153, 0.0016493, 0.00421856, 0.00110727, 0.00268914, 0.00175427, 0.0018501, 0.00228103, 0.0028314
		557, 0.100571, 0.106083, 0.0452549, 0.00551317, 0, 0.0326797, 0.020242, 0.115782, 0.154399, 0.200842, 0.244833, 0.246202, 0.202229, 0.238167, 0.229622, 0.253605, 0.279313, 0.236804, 0.264972, 0.227594, 0.169132, 0.162139, 0.129359, 0.104385, 0.0930958, 0.0804097, 0.044857, 0.0537453, 0, 0, 0, 0.0711768, 0.0849676, 0.139068, 0.165707, 0.197122, 0.2529, 0.210746, 0.196899, 0.198458, 0.226721, 0.269748, 0.27788, 0.241326, 0.166687, 0.191427, 0.142764, 0.116404, 0.0653687, 0.0514356, 0.0588166, 0.0538083, 0, 0.092988, 0.00900884, 0.0606642, 0.0934439, 0.134113, 0.205347, 0.233458, 0.261125, 0.206529, 0.212073, 0.175815, 0.175567, 0.173069, 0.232033, 0.16367, 0.178852, 0.130407, 0.149156, 0.134291, 0.0791033, 0.0561582, 0.0676725, 0.0331194, 0.00589811, 0, 0, 0.0951445, 0.106845, 0.144622, 0.205842, 0.221591, 0.171197, 0.197846, 0.174661, 0.161473, 0.183462, 0.168679, 0.219503, 0.262699, 0.152052, 0.150648, 0.120503, 0.127395, 0.073082, 0.0704436, 0.0980202, 0.0259885, 0, 0, 0, 0.136968, 0.0879256, 0.121626, 0.151096, 0.174668, 0.176428, 0.11663, 0.141385, 0.136945, 0.123917, 0.130974, 0.132559, 0.164466, 0.179125, 0.132899, 0.111001, 0.0847228, 0.0571463, 0.0663198, 0.0667703, 0.0124108, 0, 0, 0.0198313, 0.0499529, 0.0374817, 0.0902471, 0.130444, 0.126142, 0.13674, 0.125383, 0.16182, 0.229903, 0.177387, 0.235967, 0.204827, 0.255647, 0.202792, 0.163222, 0.218029, 0.210578, 0.123603, 0.0706154, 0.0639497, 0.0302288, 0.0274366, 0, 0.049067, 0.137856, 0.0999483, 0.110529, 0.107385, 0.230449, 0.22308, 0.20478, 0.225727, 0.248823, 0.226802, 0.255957, 0.190918, 0.22758, 0.189078, 0.160553, 0.149697, 0.108278
		126, 0.00563496, 0, 0, 0, 0, 0, 0, 0, 0.000731879, 0.00402342, 0.00742914, 0.00409163, 0.00506484, 0.00418834, 0.00474525, 0.00292109, 0.00636535, 0.00615096, 0.00359807, 0.00349852, 0.00315179, 0.000410652, 0.00820049, 0.000349654, 0, 0, 0, 0, 0, 0, 0, 0, 0.00483256, 0.0028878, 0.00265055, 0.00389139, 0.00652971, 0.00369611, 0.00315843, 0.00450762, 0.00434358, 0.00562533, 0.00361168, 0.0034576, 0.00320908, 0.00258992, 0.00189438, 0, 0, 0, 0, 0, 0, 0, 0, 0, 0.00151101, 0.00268974, 0.00564199, 0.00552036, 0.00430225, 0.00561003, 0.00301399, 0.00425602, 0.00429066, 0.00595126, 0.00544131, 0.00308727, 0.00348128, 0.00314182, 0.000250385, 0, 1.94433e-06, 0, 0, 0, 0, 0, 0, 0, 0.00377908, 0.00341264, 0.0025524, 0.0052643, 0.00332923, 0.00435105, 0.00275286, 0.00344968, 0.00381128, 0.00205111, 0.00468451, 0.00267044, 0.00281361, 0.00162813, 0, 0, 0.000265482, 0, 0, 0, 0, 0, 0, 0, 0.00316515, 0.0022077, 0.00308794, 0.00423324, 0.00415461, 0.00174493, 0.00319743, 0.00302985, 0.00149172, 0.00336684, 0.0033062, 0.00230228, 0.00223157, 0.00229397, 0.00325558, 7.88487e-09, 1.06506e-05, 0, 0, 0, 0, 0, 0, 0, 0.00586522, 0.0022993, 0.00253826, 0.00425792, 0.00359372, 0.00176784, 0.00302411, 0.00503886, 0.003951, 0.00356675, 0.00503202, 0.00634143, 0.0120746, 0.00677581, 0.00379231, 0.00339506, 0.00324534, 0, 0, 0, 0, 0, 0, 0, 0.00566821, 0.00446468, 0.00426789, 0.00837746, 0.00532124, 0.00356387, 0.00303636, 0.00786902, 0.00960304, 0.00309645, 0.00267473, 0.00204381, 0.00486797, 0.00326161, 0.00273322, 0.0015904
}
Iter No. 6 silhouette evaluation = 0.2103

Iteration No. 7 Means = 
{
		767, 0.0222487, 0.0222471, 0.0173954, 0, 0.00815238, 0, 0, 0.0310864, 0.0313005, 0.0547344, 0.0700691, 0.0695982, 0.0544021, 0.0610777, 0.0679497, 0.0674796, 0.0684095, 0.0578881, 0.0682761, 0.0505732, 0.0363326, 0.0321515, 0.0262754, 0.0287553, 0.0213213, 0.0143455, 0.0124053, 0.019783, 0, 0, 0, 0.0288003, 0.0298098, 0.0341224, 0.0412495, 0.061625, 0.0711945, 0.0590514, 0.0521244, 0.0459009, 0.060851, 0.0640637, 0.0590094, 0.050064, 0.0368225, 0.0251256, 0.0261905, 0.0261169, 0.0248787, 0.0188641, 0.00870377, 0.000764677, 0, 0, 0, 0.0293542, 0.0201004, 0.0335063, 0.0605924, 0.043764, 0.0591208, 0.0491343, 0.0569936, 0.0462857, 0.0425972, 0.0487451, 0.0629818, 0.0483133, 0.0389127, 0.0280197, 0.033191, 0.0249555, 0.0185814, 0.0177916, 0.0186951, 0, 0, 0, 0.00231202, 0.0298377, 0.0326691, 0.0301323, 0.0462957, 0.037881, 0.0328037, 0.0511065, 0.0379537, 0.0386014, 0.0397467, 0.0459466, 0.0506249, 0.0474052, 0.0302439, 0.02434, 0.0202233, 0.0205449, 0.026982, 0.0226142, 0.020137, 0, 0, 0, 0, 0.0340238, 0.0242559, 0.0254138, 0.032756, 0.0381428, 0.0335159, 0.0191155, 0.0313657, 0.0262386, 0.0237756, 0.0265773, 0.0266139, 0.0301399, 0.0272081, 0.018863, 0.0142881, 0.0125306, 0.0111239, 0.0175438, 0.00972719, 0, 0, 0, 0, 0.00471854, 0.00663994, 0.0123583, 0.017782, 0.0149253, 0.0170826, 0.0225282, 0.0186622, 0.0240206, 0.0170462, 0.0253035, 0.0158368, 0.0235352, 0.02748, 0.0197554, 0.01824, 0.016757, 0.0228097, 0.0145976, 0.0146887, 0.010386, 0, 0, 0, 0.0266918, 0.0187882, 0.0172257, 0.0242842, 0.0431369, 0.0353833, 0.047271, 0.0349741, 0.0375348, 0.0329762, 0.0377829, 0.0282844, 0.0283613, 0.0270743, 0.0299001, 0.0363389, 0.028008
		67, 0.146787, 0.137745, 0.124864, 0.0477237, 0, 0, 0.0149889, 0.235892, 0.180788, 0.165054, 0.217265, 0.201446, 0.17083, 0.214387, 0.18108, 0.18297, 0.196694, 0.1654, 0.203641, 0.190766, 0.183675, 0.204592, 0.197276, 0.18636, 0.135996, 0.111262, 0.122015, 0.0221725, 0.0329087, 0, 0.0156835, 0.217815, 0.163791, 0.133392, 0.1433, 0.182358, 0.205633, 0.192203, 0.181685, 0.158487, 0.155012, 0.177985, 0.225241, 0.213523, 0.177721, 0.191894, 0.201011, 0.178792, 0.162472, 0.146449, 0.154704, 0.0763204, 0, 0, 0.00478274, 0.207147, 0.133719, 0.10472, 0.246889, 0.155165, 0.20148, 0.191716, 0.188909, 0.142771, 0.126848, 0.143486, 0.180205, 0.176538, 0.178726, 0.16752, 0.212692, 0.178836, 0.139198, 0.107976, 0.130367, 0.0474121, 0, 0, 0.00780566, 0.231428, 0.144074, 0.10719, 0.154384, 0.139034, 0.12883, 0.164575, 0.14486, 0.12753, 0.138489, 0.126403, 0.173455, 0.196936, 0.169793, 0.189388, 0.219767, 0.1781, 0.161951, 0.169329, 0.132034, 0.056537, 0, 0, 0.0131487, 0.24965, 0.137263, 0.0968861, 0.11812, 0.134314, 0.121787, 0.0931891, 0.110759, 0.119378, 0.0942575, 0.0945463, 0.108553, 0.122782, 0.138411, 0.12064, 0.120028, 0.10849, 0.112056, 0.127659, 0.131021, 0.0649333, 0, 0, 0.0213409, 0.117294, 0.0760639, 0.080134, 0.124011, 0.110737, 0.114893, 0.0939178, 0.138383, 0.150004, 0.133573, 0.138248, 0.14485, 0.156709, 0.153028, 0.135267, 0.170554, 0.178565, 0.150982, 0.12544, 0.119137, 0.0676622, 0.00956834, 0.0287903, 0.0215567, 0.21683, 0.132525, 0.12019, 0.146205, 0.223598, 0.205952, 0.220357, 0.191766, 0.169903, 0.176004, 0.188405, 0.160583, 0.189403, 0.184481, 0.183588, 0.208738, 0.175126
		1728, 0.00325742, 0.00228103, 0.00077085, 0, 0, 0, 0, 0.0057935, 0.0039259, 0.00410818, 0.00549726, 0.00489938, 0.00353928, 0.00448185, 0.0045249, 0.00451947, 0.00350032, 0.00392524, 0.00422163, 0.00361865, 0.00346629, 0.00407252, 0.00348556, 0.00353548, 0.00270608, 0.00223687, 0, 0, 0, 0, 0, 0.005363, 0.00184877, 0.00351819, 0.0061216, 0.00358926, 0.00361658, 0.00370761, 0.00426002, 0.00385643, 0.00288296, 0.0044563, 0.00794414, 0.00584133, 0.00705859, 0.00355216, 0.002665, 0.00286383, 0.00400512, 0.00299674, 0, 0, 0, 0, 0, 0.00546614, 0.00281676, 0.00281695, 0.00427973, 0.00319874, 0.00344902, 0.00577704, 0.00400843, 0.00275804, 0.00289002, 0.00262907, 0.00495558, 0.00335107, 0.00382866, 0.00263872, 0.00360003, 0.00260031, 0.00194883, 0.00218761, 0.00359316, 0, 0, 0, 0, 0.00555617, 0.00401537, 0.00408302, 0.00319625, 0.00460654, 0.00363592, 0.00384198, 0.00333508, 0.00365023, 0.00274371, 0.00264163, 0.00410527, 0.00478072, 0.00394618, 0.00384884, 0.00368633, 0.0027299, 0.00314102, 0.00222243, 0.00374977, 0, 0, 0, 0, 0.00633568, 0.0015609, 0.00478138, 0.00290462, 0.00394057, 0.00401889, 0.00215099, 0.00312991, 0.00295806, 0.00252068, 0.0024108, 0.0028838, 0.00287357, 0.00247314, 0.00375155, 0.00178184, 0.00167949, 0.00210939, 0.00378563, 0.00344657, 0, 0, 0, 0, 0.00308307, 0.00181546, 0.00188928, 0.00192906, 0.00269808, 0.00277775, 0.00237393, 0.00308031, 0.0042245, 0.00224243, 0.00234557, 0.00225041, 0.0029137, 0.00390017, 0.00324225, 0.00393549, 0.00478496, 0.00239828, 0.00217303, 0.00264974, 0, 0, 0, 0.0222948, 0.00498747, 0.00427066, 0.00244639, 0.00280688, 0.00280632, 0.00479891, 0.00404578, 0.00286812, 0.00373906, 0.00304054, 0.00220635, 0.00392216, 0.00455717, 0.00242823, 0.00470123, 0.00384407, 0.00279728
		678, 0.0048716, 0, 0, 0, 0, 0, 0, 0, 0.00359409, 0.00250191, 0.00243842, 0.00135559, 0.0044145, 0.00541277, 0.00553395, 0.00140481, 0.00539293, 0.00261587, 0.00253355, 0.000800054, 0.00162837, 0.000753366, 0.0025449, 0.00412444, 0.00120665, 0, 0, 0, 0, 0, 0, 0, 0, 0.0018222, 0.00322471, 0.000779611, 0.000988011, 0.00385136, 0.00449858, 0.00253989, 0.000671992, 0.000884287, 0.00614333, 0, 0.00221025, 0.00287579, 0.00143564, 0.000654111, 0.00115745, 0, 0, 0, 0, 0, 0, 0, 0.000167586, 0.002824, 0.00535706, 0.000699422, 0.00227129, 0.00131018, 0.00167859, 0.000557431, 0.000514423, 0.000608327, 0.000210432, 0.00468919, 0.00321315, 0.000229912, 0.00285343, 0.000211334, 0.00100705, 0, 0, 0, 0, 0, 0, 0, 0.0142807, 0.00346958, 0.000201321, 0.0031918, 0.00431006, 0.000646152, 0.00320003, 0.00208817, 0.00126622, 0.00165418, 0.00219154, 0.000734191, 0.00305674, 0.00330382, 0.0031638, 0.00294433, 0.00105021, 4.17886e-05, 0, 0, 0, 0, 0, 0, 0.00191921, 0.00288553, 0.00137903, 0.000109354, 0.000197813, 0.00186038, 0.00045263, 0.00238628, 0.00126517, 0.00279727, 0.00913088, 0.00371965, 0.00414393, 0.00134693, 0.0025869, 0.00309513, 0.00367943, 0.00192596, 0, 0, 0, 0, 0, 0, 0.000926836, 0.00254209, 0.00224656, 0.00223749, 0.0030111, 0.00173587, 0.00307651, 0.000583266, 0.00117758, 0.00384138, 0.004188, 0.00156659, 0.000681526, 0.000338014, 0.00572359, 0.029716, 0.00545126, 6.10913e-06, 0, 0, 0, 0, 0, 0, 0, 0.00443183, 0.00432753, 0.00567596, 0.00500438, 0.00246678, 0.00401006, 0.000144153, 0.0016493, 0.00421856, 0.00110727, 0.00268914, 0.00175427, 0.0018501, 0.00228103, 0.0028314
		557, 0.100571, 0.106083, 0.0452549, 0.00551317, 0, 0.0326797, 0.020242, 0.115782, 0.154399, 0.200842, 0.244833, 0.246202, 0.202229, 0.238167, 0.229622, 0.253605, 0.279313, 0.236804, 0.264972, 0.227594, 0.169132, 0.162139, 0.129359, 0.104385, 0.0930958, 0.0804097, 0.044857, 0.0537453, 0, 0, 0, 0.0711768, 0.0849676, 0.139068, 0.165707, 0.197122, 0.2529, 0.210746, 0.196899, 0.198458, 0.226721, 0.269748, 0.27788, 0.241326, 0.166687, 0.191427, 0.142764, 0.116404, 0.0653687, 0.0514356, 0.0588166, 0.0538083, 0, 0.092988, 0.00900884, 0.0606642, 0.0934439, 0.134113, 0.205347, 0.233458, 0.261125, 0.206529, 0.212073, 0.175815, 0.175567, 0.173069, 0.232033, 0.16367, 0.178852, 0.130407, 0.149156, 0.134291, 0.0791033, 0.0561582, 0.0676725, 0.0331194, 0.00589811, 0, 0, 0.0951445, 0.106845, 0.144622, 0.205842, 0.221591, 0.171197, 0.197846, 0.174661, 0.161473, 0.183462, 0.168679, 0.219503, 0.262699, 0.152052, 0.150648, 0.120503, 0.127395, 0.073082, 0.0704436, 0.0980202, 0.0259885, 0, 0, 0, 0.136968, 0.0879256, 0.121626, 0.151096, 0.174668, 0.176428, 0.11663, 0.141385, 0.136945, 0.123917, 0.130974, 0.132559, 0.164466, 0.179125, 0.132899, 0.111001, 0.0847228, 0.0571463, 0.0663198, 0.0667703, 0.0124108, 0, 0, 0.0198313, 0.0499529, 0.0374817, 0.0902471, 0.130444, 0.126142, 0.13674, 0.125383, 0.16182, 0.229903, 0.177387, 0.235967, 0.204827, 0.255647, 0.202792, 0.163222, 0.218029, 0.210578, 0.123603, 0.0706154, 0.0639497, 0.0302288, 0.0274366, 0, 0.049067, 0.137856, 0.0999483, 0.110529, 0.107385, 0.230449, 0.22308, 0.20478, 0.225727, 0.248823, 0.226802, 0.255957, 0.190918, 0.22758, 0.189078, 0.160553, 0.149697, 0.108278
		400, 0.00441922, 0, 0, 0, 0, 0, 0, 0, 0.000694254, 0.00304264, 0.00454927, 0.00279902, 0.00426233, 0.00562335, 0.00535525, 0.00422145, 0.00600399, 0.00393726, 0.00639447, 0.00360983, 0.00295384, 0.0026954, 0.00738803, 0.00217444, 0.00117154, 0, 0, 0, 0, 0, 0, 0.000160169, 0.00064718, 0.00187634, 0.00338394, 0.0050015, 0.00644631, 0.00352751, 0.0063173, 0.00419489, 0.00453197, 0.00494134, 0.00348929, 0.00277331, 0.00358949, 0.00280045, 0.0044591, 0.00276141, 0.000948643, 7.87724e-06, 0, 0, 0, 0, 0, 0, 0.00140576, 0.00253926, 0.00408208, 0.00364115, 0.00431219, 0.00507332, 0.00366993, 0.00372074, 0.0033065, 0.00577292, 0.00334188, 0.00302466, 0.0041707, 0.00400289, 0.00128154, 0.00134261, 0.00101052, 0, 0, 0, 0, 0, 0, 0, 0.00381255, 0.00272181, 0.00378867, 0.00336045, 0.00320173, 0.00300132, 0.00416932, 0.00316163, 0.00261477, 0.00339393, 0.00281182, 0.00309407, 0.00224656, 0.00309358, 0.00197428, 0.00140953, 0.00247687, 0, 0, 0, 0, 0, 0, 0, 0.00301015, 0.00166009, 0.00295207, 0.00415499, 0.00360182, 0.00159262, 0.002872, 0.00218795, 0.00237969, 0.00309067, 0.00441551, 0.00362486, 0.00381113, 0.00168336, 0.00174068, 0.00047173, 0.000182702, 0.00050176, 0, 0, 0, 0, 0, 0.0164508, 0.00571039, 0.00495871, 0.00542885, 0.00543992, 0.00426841, 0.00209524, 0.00289484, 0.00549382, 0.00501618, 0.00550193, 0.00361181, 0.00732557, 0.00671393, 0.00568223, 0.00494144, 0.0020127, 0.00268371, 0.000390088, 0, 0, 0, 0, 0, 0, 0.0024379, 0.00380013, 0.00663106, 0.00811879, 0.00739685, 0.00251954, 0.00219533, 0.00463086, 0.0180448, 0.00700745, 0.00326826, 0.00236682, 0.00310754, 0.00244359, 0.0027484, 0.00121469
}
Iter No. 7 silhouette evaluation = 0.2149

Iteration No. 8 Means = 
{
		767, 0.0222487, 0.0222471, 0.0173954, 0, 0.00815238, 0, 0, 0.0310864, 0.0313005, 0.0547344, 0.0700691, 0.0695982, 0.0544021, 0.0610777, 0.0679497, 0.0674796, 0.0684095, 0.0578881, 0.0682761, 0.0505732, 0.0363326, 0.0321515, 0.0262754, 0.0287553, 0.0213213, 0.0143455, 0.0124053, 0.019783, 0, 0, 0, 0.0288003, 0.0298098, 0.0341224, 0.0412495, 0.061625, 0.0711945, 0.0590514, 0.0521244, 0.0459009, 0.060851, 0.0640637, 0.0590094, 0.050064, 0.0368225, 0.0251256, 0.0261905, 0.0261169, 0.0248787, 0.0188641, 0.00870377, 0.000764677, 0, 0, 0, 0.0293542, 0.0201004, 0.0335063, 0.0605924, 0.043764, 0.0591208, 0.0491343, 0.0569936, 0.0462857, 0.0425972, 0.0487451, 0.0629818, 0.0483133, 0.0389127, 0.0280197, 0.033191, 0.0249555, 0.0185814, 0.0177916, 0.0186951, 0, 0, 0, 0.00231202, 0.0298377, 0.0326691, 0.0301323, 0.0462957, 0.037881, 0.0328037, 0.0511065, 0.0379537, 0.0386014, 0.0397467, 0.0459466, 0.0506249, 0.0474052, 0.0302439, 0.02434, 0.0202233, 0.0205449, 0.026982, 0.0226142, 0.020137, 0, 0, 0, 0, 0.0340238, 0.0242559, 0.0254138, 0.032756, 0.0381428, 0.0335159, 0.0191155, 0.0313657, 0.0262386, 0.0237756, 0.0265773, 0.0266139, 0.0301399, 0.0272081, 0.018863, 0.0142881, 0.0125306, 0.0111239, 0.0175438, 0.00972719, 0, 0, 0, 0, 0.00471854, 0.00663994, 0.0123583, 0.017782, 0.0149253, 0.0170826, 0.0225282, 0.0186622, 0.0240206, 0.0170462, 0.0253035, 0.0158368, 0.0235352, 0.02748, 0.0197554, 0.01824, 0.016757, 0.0228097, 0.0145976, 0.0146887, 0.010386, 0, 0, 0, 0.0266918, 0.0187882, 0.0172257, 0.0242842, 0.0431369, 0.0353833, 0.047271, 0.0349741, 0.0375348, 0.0329762, 0.0377829, 0.0282844, 0.0283613, 0.0270743, 0.0299001, 0.0363389, 0.028008
		67, 0.146787, 0.137745, 0.124864, 0.0477237, 0, 0, 0.0149889, 0.235892, 0.180788, 0.165054, 0.217265, 0.201446, 0.17083, 0.214387, 0.18108, 0.18297, 0.196694, 0.1654, 0.203641, 0.190766, 0.183675, 0.204592, 0.197276, 0.18636, 0.135996, 0.111262, 0.122015, 0.0221725, 0.0329087, 0, 0.0156835, 0.217815, 0.163791, 0.133392, 0.1433, 0.182358, 0.205633, 0.192203, 0.181685, 0.158487, 0.155012, 0.177985, 0.225241, 0.213523, 0.177721, 0.191894, 0.201011, 0.178792, 0.162472, 0.146449, 0.154704, 0.0763204, 0, 0, 0.00478274, 0.207147, 0.133719, 0.10472, 0.246889, 0.155165, 0.20148, 0.191716, 0.188909, 0.142771, 0.126848, 0.143486, 0.180205, 0.176538, 0.178726, 0.16752, 0.212692, 0.178836, 0.139198, 0.107976, 0.130367, 0.0474121, 0, 0, 0.00780566, 0.231428, 0.144074, 0.10719, 0.154384, 0.139034, 0.12883, 0.164575, 0.14486, 0.12753, 0.138489, 0.126403, 0.173455, 0.196936, 0.169793, 0.189388, 0.219767, 0.1781, 0.161951, 0.169329, 0.132034, 0.056537, 0, 0, 0.0131487, 0.24965, 0.137263, 0.0968861, 0.11812, 0.134314, 0.121787, 0.0931891, 0.110759, 0.119378, 0.0942575, 0.0945463, 0.108553, 0.122782, 0.138411, 0.12064, 0.120028, 0.10849, 0.112056, 0.127659, 0.131021, 0.0649333, 0, 0, 0.0213409, 0.117294, 0.0760639, 0.080134, 0.124011, 0.110737, 0.114893, 0.0939178, 0.138383, 0.150004, 0.133573, 0.138248, 0.14485, 0.156709, 0.153028, 0.135267, 0.170554, 0.178565, 0.150982, 0.12544, 0.119137, 0.0676622, 0.00956834, 0.0287903, 0.0215567, 0.21683, 0.132525, 0.12019, 0.146205, 0.223598, 0.205952, 0.220357, 0.191766, 0.169903, 0.176004, 0.188405, 0.160583, 0.189403, 0.184481, 0.183588, 0.208738, 0.175126
		1728, 0.00325742, 0.00228103, 0.00077085, 0, 0, 0, 0, 0.0057935, 0.0039259, 0.00410818, 0.00549726, 0.00489938, 0.00353928, 0.00448185, 0.0045249, 0.00451947, 0.00350032, 0.00392524, 0.00422163, 0.00361865, 0.00346629, 0.00407252, 0.00348556, 0.00353548, 0.00270608, 0.00223687, 0, 0, 0, 0, 0, 0.005363, 0.00184877, 0.00351819, 0.0061216, 0.00358926, 0.00361658, 0.00370761, 0.00426002, 0.00385643, 0.00288296, 0.0044563, 0.00794414, 0.00584133, 0.00705859, 0.00355216, 0.002665, 0.00286383, 0.00400512, 0.00299674, 0, 0, 0, 0, 0, 0.00546614, 0.00281676, 0.00281695, 0.00427973, 0.00319874, 0.00344902, 0.00577704, 0.00400843, 0.00275804, 0.00289002, 0.00262907, 0.00495558, 0.00335107, 0.00382866, 0.00263872, 0.00360003, 0.00260031, 0.00194883, 0.00218761, 0.00359316, 0, 0, 0, 0, 0.00555617, 0.00401537, 0.00408302, 0.00319625, 0.00460654, 0.00363592, 0.00384198, 0.00333508, 0.00365023, 0.00274371, 0.00264163, 0.00410527, 0.00478072, 0.00394618, 0.00384884, 0.00368633, 0.0027299, 0.00314102, 0.00222243, 0.00374977, 0, 0, 0, 0, 0.00633568, 0.0015609, 0.00478138, 0.00290462, 0.00394057, 0.00401889, 0.00215099, 0.00312991, 0.00295806, 0.00252068, 0.0024108, 0.0028838, 0.00287357, 0.00247314, 0.00375155, 0.00178184, 0.00167949, 0.00210939, 0.00378563, 0.00344657, 0, 0, 0, 0, 0.00308307, 0.00181546, 0.00188928, 0.00192906, 0.00269808, 0.00277775, 0.00237393, 0.00308031, 0.0042245, 0.00224243, 0.00234557, 0.00225041, 0.0029137, 0.00390017, 0.00324225, 0.00393549, 0.00478496, 0.00239828, 0.00217303, 0.00264974, 0, 0, 0, 0.0222948, 0.00498747, 0.00427066, 0.00244639, 0.00280688, 0.00280632, 0.00479891, 0.00404578, 0.00286812, 0.00373906, 0.00304054, 0.00220635, 0.00392216, 0.00455717, 0.00242823, 0.00470123, 0.00384407, 0.00279728
		678, 0.0048716, 0, 0, 0, 0, 0, 0, 0, 0.00359409, 0.00250191, 0.00243842, 0.00135559, 0.0044145, 0.00541277, 0.00553395, 0.00140481, 0.00539293, 0.00261587, 0.00253355, 0.000800054, 0.00162837, 0.000753366, 0.0025449, 0.00412444, 0.00120665, 0, 0, 0, 0, 0, 0, 0, 0, 0.0018222, 0.00322471, 0.000779611, 0.000988011, 0.00385136, 0.00449858, 0.00253989, 0.000671992, 0.000884287, 0.00614333, 0, 0.00221025, 0.00287579, 0.00143564, 0.000654111, 0.00115745, 0, 0, 0, 0, 0, 0, 0, 0.000167586, 0.002824, 0.00535706, 0.000699422, 0.00227129, 0.00131018, 0.00167859, 0.000557431, 0.000514423, 0.000608327, 0.000210432, 0.00468919, 0.00321315, 0.000229912, 0.00285343, 0.000211334, 0.00100705, 0, 0, 0, 0, 0, 0, 0, 0.0142807, 0.00346958, 0.000201321, 0.0031918, 0.00431006, 0.000646152, 0.00320003, 0.00208817, 0.00126622, 0.00165418, 0.00219154, 0.000734191, 0.00305674, 0.00330382, 0.0031638, 0.00294433, 0.00105021, 4.17886e-05, 0, 0, 0, 0, 0, 0, 0.00191921, 0.00288553, 0.00137903, 0.000109354, 0.000197813, 0.00186038, 0.00045263, 0.00238628, 0.00126517, 0.00279727, 0.00913088, 0.00371965, 0.00414393, 0.00134693, 0.0025869, 0.00309513, 0.00367943, 0.00192596, 0, 0, 0, 0, 0, 0, 0.000926836, 0.00254209, 0.00224656, 0.00223749, 0.0030111, 0.00173587, 0.00307651, 0.000583266, 0.00117758, 0.00384138, 0.004188, 0.00156659, 0.000681526, 0.000338014, 0.00572359, 0.029716, 0.00545126, 6.10913e-06, 0, 0, 0, 0, 0, 0, 0, 0.00443183, 0.00432753, 0.00567596, 0.00500438, 0.00246678, 0.00401006, 0.000144153, 0.0016493, 0.00421856, 0.00110727, 0.00268914, 0.00175427, 0.0018501, 0.00228103, 0.0028314
		557, 0.100571, 0.106083, 0.0452549, 0.00551317, 0, 0.0326797, 0.020242, 0.115782, 0.154399, 0.200842, 0.244833, 0.246202, 0.202229, 0.238167, 0.229622, 0.253605, 0.279313, 0.236804, 0.264972, 0.227594, 0.169132, 0.162139, 0.129359, 0.104385, 0.0930958, 0.0804097, 0.044857, 0.0537453, 0, 0, 0, 0.0711768, 0.0849676, 0.139068, 0.165707, 0.197122, 0.2529, 0.210746, 0.196899, 0.198458, 0.226721, 0.269748, 0.27788, 0.241326, 0.166687, 0.191427, 0.142764, 0.116404, 0.0653687, 0.0514356, 0.0588166, 0.0538083, 0, 0.092988, 0.00900884, 0.0606642, 0.0934439, 0.134113, 0.205347, 0.233458, 0.261125, 0.206529, 0.212073, 0.175815, 0.175567, 0.173069, 0.232033, 0.16367, 0.178852, 0.130407, 0.149156, 0.134291, 0.0791033, 0.0561582, 0.0676725, 0.0331194, 0.00589811, 0, 0, 0.0951445, 0.106845, 0.144622, 0.205842, 0.221591, 0.171197, 0.197846, 0.174661, 0.161473, 0.183462, 0.168679, 0.219503, 0.262699, 0.152052, 0.150648, 0.120503, 0.127395, 0.073082, 0.0704436, 0.0980202, 0.0259885, 0, 0, 0, 0.136968, 0.0879256, 0.121626, 0.151096, 0.174668, 0.176428, 0.11663, 0.141385, 0.136945, 0.123917, 0.130974, 0.132559, 0.164466, 0.179125, 0.132899, 0.111001, 0.0847228, 0.0571463, 0.0663198, 0.0667703, 0.0124108, 0, 0, 0.0198313, 0.0499529, 0.0374817, 0.0902471, 0.130444, 0.126142, 0.13674, 0.125383, 0.16182, 0.229903, 0.177387, 0.235967, 0.204827, 0.255647, 0.202792, 0.163222, 0.218029, 0.210578, 0.123603, 0.0706154, 0.0639497, 0.0302288, 0.0274366, 0, 0.049067, 0.137856, 0.0999483, 0.110529, 0.107385, 0.230449, 0.22308, 0.20478, 0.225727, 0.248823, 0.226802, 0.255957, 0.190918, 0.22758, 0.189078, 0.160553, 0.149697, 0.108278
		400, 0.00441922, 0, 0, 0, 0, 0, 0, 0, 0.000694254, 0.00304264, 0.00454927, 0.00279902, 0.00426233, 0.00562335, 0.00535525, 0.00422145, 0.00600399, 0.00393726, 0.00639447, 0.00360983, 0.00295384, 0.0026954, 0.00738803, 0.00217444, 0.00117154, 0, 0, 0, 0, 0, 0, 0.000160169, 0.00064718, 0.00187634, 0.00338394, 0.0050015, 0.00644631, 0.00352751, 0.0063173, 0.00419489, 0.00453197, 0.00494134, 0.00348929, 0.00277331, 0.00358949, 0.00280045, 0.0044591, 0.00276141, 0.000948643, 7.87724e-06, 0, 0, 0, 0, 0, 0, 0.00140576, 0.00253926, 0.00408208, 0.00364115, 0.00431219, 0.00507332, 0.00366993, 0.00372074, 0.0033065, 0.00577292, 0.00334188, 0.00302466, 0.0041707, 0.00400289, 0.00128154, 0.00134261, 0.00101052, 0, 0, 0, 0, 0, 0, 0, 0.00381255, 0.00272181, 0.00378867, 0.00336045, 0.00320173, 0.00300132, 0.00416932, 0.00316163, 0.00261477, 0.00339393, 0.00281182, 0.00309407, 0.00224656, 0.00309358, 0.00197428, 0.00140953, 0.00247687, 0, 0, 0, 0, 0, 0, 0, 0.00301015, 0.00166009, 0.00295207, 0.00415499, 0.00360182, 0.00159262, 0.002872, 0.00218795, 0.00237969, 0.00309067, 0.00441551, 0.00362486, 0.00381113, 0.00168336, 0.00174068, 0.00047173, 0.000182702, 0.00050176, 0, 0, 0, 0, 0, 0.0164508, 0.00571039, 0.00495871, 0.00542885, 0.00543992, 0.00426841, 0.00209524, 0.00289484, 0.00549382, 0.00501618, 0.00550193, 0.00361181, 0.00732557, 0.00671393, 0.00568223, 0.00494144, 0.0020127, 0.00268371, 0.000390088, 0, 0, 0, 0, 0, 0, 0.0024379, 0.00380013, 0.00663106, 0.00811879, 0.00739685, 0.00251954, 0.00219533, 0.00463086, 0.0180448, 0.00700745, 0.00326826, 0.00236682, 0.00310754, 0.00244359, 0.0027484, 0.00121469
}
Iter No. 8 silhouette evaluation = 0.205014

Best Iterations Time = 5
Best Silhouette Value = 0.233634
