average Silhouette Value = 0.615307

nFID			silhouette_val
0			0.912919
1			-0.070334
2			-0.866227
3			-0.910964
4			-0.052802
5			-0.899288
6			0.725137
7			-0.403073
8			0.497590
9			0.821660
10			0.906457
11			0.893848
12			0.841839
13			0.676908
14			0.905601
15			-0.612198
16			0.709105
17			0.478044
18			0.020333
19			0.558556
20			0.582222
21			-0.260908
22			0.781009
23			-0.471298
24			0.900876
25			0.739066
26			0.788244
27			0.704809
28			-0.238663
29			-0.221420
30			-0.402578
31			-0.205577
32			-0.350962
33			0.914658
34			0.706967
35			-0.414800
36			0.802551
37			0.905377
38			-0.552624
39			-0.398315
40			0.447304
41			0.771245
42			0.692288
43			0.894439
44			-0.211654
45			0.791726
46			0.896732
47			-0.080050
48			0.854005
49			0.589014
50			0.912114
51			0.904155
52			0.909987
53			-0.512456
54			0.911759
55			0.923093
56			0.902271
57			0.876896
58			0.571470
59			0.828163
60			0.587742
61			0.460557
62			0.812267
63			-0.437636
64			0.911069
65			0.783578
66			0.826451
67			0.547939
68			0.699660
69			0.885983
70			-0.184146
71			0.906891
72			0.890530
73			0.602860
74			-0.431820
75			0.864464
76			0.886454
77			0.712655
78			0.874408
79			-0.515464
80			-0.677551
81			0.705428
82			-0.233750
83			0.899265
84			0.902654
85			0.818093
86			0.774192
87			0.290192
88			0.819764
89			0.895242
90			0.904573
91			0.906709
92			-0.634348
93			0.899411
94			0.860748
95			0.840447
96			0.885972
97			0.829654
98			0.903048
99			0.899513
100			-0.651750
101			0.834180
102			0.900888
103			0.893159
104			0.897878
105			0.803059
106			0.802455
107			0.878055
108			0.887083
109			0.848490
110			0.769173
111			0.749586
112			-0.531879
113			0.662784
114			0.894977
115			0.557909
116			0.813643
117			0.854052
118			0.753247
119			-0.202735
120			0.834354
121			0.865731
122			0.901128
123			0.893276
124			0.916414
125			0.478950
126			0.887122
127			0.900262
128			0.905030
129			0.904963
130			0.856999
131			0.892637
132			0.893526
133			0.868062
134			-0.703613
135			0.906454
136			0.815478
137			0.882251
138			-0.495315
139			0.850103
140			0.901335
141			0.892728
142			0.774169
143			0.878061
144			-0.297130
145			0.758818
146			0.873930
147			0.890039
148			0.895936
149			0.889415
150			0.854089
151			0.738343
152			0.868607
153			0.850001
154			0.684983
155			-0.391062
156			0.890578
157			0.866817
158			0.865205
159			0.800990
160			0.895953
161			0.847762
162			0.885940
163			0.801877
164			-0.391627
165			-0.674890
166			0.865358
167			-0.394646
168			0.863224
169			0.896474
170			-0.434670
171			0.759720
172			-0.512710
173			0.907904
174			0.774542
175			0.673584
176			0.682247
177			0.884420
178			-0.686805
179			0.901585
180			0.775279
181			0.900475
182			0.900042
183			0.768012
184			-0.633488
185			-0.513411
186			0.759539
187			0.125322
188			0.695528
189			0.806052
190			0.654932
191			0.550917
192			0.893083
193			0.687227
194			-0.189687
195			0.886694
196			0.788953
197			0.818612
198			0.180089
199			0.839559
200			0.889867
201			-0.234240
202			0.814132
203			0.893706
204			0.209009
205			0.915895
206			0.883845
207			0.885167
208			0.900112
209			0.904537
210			0.906115
211			0.710689
212			0.898389
213			0.877164
214			0.716987
215			0.851559
216			0.862301
217			0.833532
218			0.780826
219			-0.223622
220			0.883861
221			0.844339
222			0.051552
223			0.667919
224			0.877994
225			-0.383372
226			0.816056
227			0.854619
228			0.881634
229			0.861959
230			0.809245
231			0.782723
232			0.794605
233			-0.336486
234			0.923196
235			0.718594
236			0.775361
237			-0.202895
238			0.897660
239			0.905907
240			0.821604
241			0.707311
242			0.895831
243			0.784790
244			-0.508504
245			-0.323934
246			0.825758
247			0.893070
248			0.911106
249			0.790181
250			0.908373
251			0.873411
252			-0.352728
253			-0.342153
254			0.874373
255			0.828033
256			0.903771
257			0.832273
258			0.667254
259			0.630138
260			0.883539
261			0.859601
262			-0.116681
263			0.455652
264			0.903391
265			0.096024
266			0.853506
267			0.591136
268			0.860272
269			0.894784
270			0.902503
271			0.656673
272			0.882135
273			0.909860
274			0.846135
275			0.775458
276			0.854071
277			0.900376
278			0.902417
279			0.904083
280			0.789737
281			-0.450395
282			0.891664
283			0.815669
284			-0.686902
285			0.903397
286			0.748389
287			0.832732
288			0.900280
289			0.816369
290			0.668934
291			0.672054
292			0.565745
293			-0.478840
294			0.563549
295			0.648376
296			0.908558
297			0.910160
298			-0.315332
299			0.833477
300			-0.288651
301			0.713620
302			0.890386
303			0.615842
304			0.782271
305			0.908896
306			0.745789
307			0.903121
308			0.805258
309			0.801462
310			0.825641
311			0.820676
312			0.888501
313			0.894377
314			0.891057
315			0.885834
316			0.847439
317			0.882500
318			0.842558
319			0.900362
320			-0.547847
321			0.882371
322			-0.432940
323			0.883198
324			0.823309
325			0.858573
326			0.905759
327			0.690328
328			0.790397
329			-0.056392
330			0.908830
331			0.808157
332			0.815003
333			0.790890
334			0.898072
335			0.849687
336			0.897595
337			0.845550
338			0.731102
339			-0.624939
340			0.879565
341			-0.404042
342			0.843932
343			0.888938
344			0.562728
345			0.899040
346			0.874795
347			-0.595180
348			0.801123
349			0.909674
350			0.917153
351			0.840577
352			0.223429
353			0.880753
354			0.904492
355			0.885307
356			0.830825
357			0.899233
358			0.890832
359			0.766970
360			0.905454
361			-0.662394
362			0.905267
363			0.691414
364			0.770063
365			0.585694
366			0.850505
367			-0.151479
368			0.679342
369			0.838883
370			0.898199
371			0.020302
372			0.853509
373			-0.182434
374			0.854759
375			0.823300
376			0.830262
377			0.935139
378			0.898944
379			0.896439
380			0.358103
381			0.878457
382			-0.502113
383			0.861600
384			0.832119
385			0.620441
386			0.596938
387			-0.502986
388			0.885540
389			0.904338
390			0.845454
391			-0.477241
392			0.818482
393			0.750352
394			0.695729
395			0.890459
396			-0.445843
397			0.810174
398			0.808230
399			0.870532
400			0.904576
401			0.905804
402			0.875387
403			0.884138
404			-0.142078
405			0.882953
406			0.897359
407			0.790374
408			0.832657
409			0.703935
410			0.694963
411			0.823002
412			0.873238
413			0.599890
414			0.865148
415			0.876763
416			-0.571153
417			0.895713
418			0.812931
419			0.885900
420			0.861883
421			0.756496
422			0.896477
423			0.788355
424			0.882236
425			0.820581
426			0.855091
427			0.913518
428			0.837453
429			0.886589
430			0.810170
431			0.829364
432			0.887508
433			0.845727
434			0.885462
435			0.906508
436			0.907448
437			0.872107
438			0.909863
439			0.884795
440			0.881778
441			0.872058
442			0.886860
443			0.904016
444			0.722834
445			0.798573
446			0.906934
447			0.872674
448			0.853512
449			0.899296
450			0.818656
451			0.866425
452			0.818193
453			0.830452
454			0.731212
455			0.712538
456			-0.543901
457			0.903406
458			0.869302
459			0.850952
460			0.906952
461			0.850791
462			0.853418
463			0.009751
464			0.880865
465			0.900903
466			0.886349
467			0.900261
468			0.863549
469			0.908867
470			0.904177
471			-0.540309
472			0.876963
473			0.879984
474			-0.650985
475			0.893600
476			0.834026
477			0.890309
478			0.880916
479			0.802171
480			0.843998
481			0.893150
482			0.882209
483			-0.361665
484			0.815605
485			0.891119
486			0.689394
487			0.841767
488			0.847255
489			0.826534
490			0.743180
491			0.846083
492			0.880361
493			0.867689
494			0.772537
495			0.840883
496			0.790678
497			0.795884
498			-0.653747
