average Silhouette Value = 0.233634

nFID			silhouette_val
0			0.238052
1			-0.528835
2			0.282416
3			-0.392141
4			-0.423428
5			0.168284
6			-0.100315
7			0.207811
8			-0.215131
9			-0.006789
10			0.476841
11			0.286819
12			0.367537
13			0.312727
14			0.168448
15			0.483748
16			0.472344
17			0.148780
18			0.435077
19			0.489645
20			0.335218
21			0.420791
22			0.054735
23			0.222986
24			0.184859
25			0.322054
26			0.286062
27			0.224871
28			0.489954
29			0.408935
30			0.427970
31			0.343981
32			0.441293
33			0.296483
34			0.346113
35			0.456696
36			-0.129882
37			0.024198
38			0.196975
39			0.214926
40			0.503918
41			0.332179
42			0.238280
43			0.109206
44			0.442753
45			0.275297
46			0.152021
47			0.370198
48			-0.064893
49			0.366835
50			0.204931
51			0.290987
52			0.320507
53			0.159992
54			0.276506
55			0.397499
56			0.273843
57			-0.054443
58			0.241889
59			0.349760
60			0.367097
61			0.453075
62			0.398913
63			0.466883
64			0.378987
65			0.242632
66			0.165262
67			0.445217
68			0.156496
69			0.401215
70			0.390852
71			0.341055
72			0.026529
73			0.202353
74			0.360950
75			0.492487
76			0.128953
77			0.096195
78			0.369582
79			0.399536
80			0.508961
81			0.421195
82			0.223587
83			0.189291
84			0.272569
85			0.295190
86			-0.222997
87			0.237349
88			-0.022600
89			0.303225
90			0.092485
91			-0.643855
92			0.316513
93			-0.116843
94			0.390733
95			0.179794
96			-0.063926
97			0.108798
98			0.331782
99			0.287002
100			-0.062990
101			0.154261
102			0.276230
103			-0.102344
104			0.100894
105			0.066497
106			0.161925
107			0.348704
108			0.089875
109			0.497031
110			-0.084965
111			0.360737
112			0.279694
113			0.220779
114			0.261148
115			0.325977
116			0.301442
117			0.118460
118			0.269303
119			0.111617
120			0.320145
121			0.208106
122			0.163314
123			0.292884
124			0.233459
125			0.511432
126			-0.178323
127			0.060316
128			-0.437191
129			0.355920
130			0.166029
131			0.131004
132			0.422957
133			0.088015
134			0.272600
135			0.321745
136			0.375475
137			0.174269
138			0.415948
139			0.306391
140			0.128558
141			0.474285
142			0.215733
143			0.278777
144			-0.081567
145			0.090791
146			0.535571
147			0.274016
148			0.453575
149			0.413301
150			0.380591
151			-0.216981
152			0.065685
153			-0.034075
154			-0.058229
155			0.428758
156			0.522038
157			0.001648
158			0.232009
159			-0.262390
160			0.256593
161			0.480332
162			0.211291
163			0.305816
164			0.325628
165			0.416683
166			-0.258375
167			0.155048
168			-0.404230
169			0.408323
170			0.039235
171			0.161264
172			0.033496
173			0.181375
174			0.301292
175			0.191958
176			0.210869
177			-0.130234
178			0.455711
179			0.094572
180			0.258333
181			0.473383
182			0.127810
183			-0.472926
184			0.382813
185			0.277498
186			0.437240
187			0.387686
188			0.399334
189			0.216319
190			0.280931
191			0.285551
192			0.162026
193			0.379297
194			0.108130
195			0.302989
196			0.387122
197			0.426961
198			0.450688
199			0.285427
200			0.052033
201			0.470116
202			-0.092063
203			-0.124638
204			0.311341
205			0.368751
206			0.397828
207			0.379746
208			0.157072
209			0.456039
210			0.326442
211			0.033329
212			0.113382
213			0.385422
214			0.488921
215			0.238912
216			0.167133
217			0.360323
218			0.388806
219			0.414914
220			0.307330
221			0.314918
222			0.408174
223			0.338300
224			0.288835
225			-0.125708
226			0.274916
227			-0.378690
228			0.387876
229			0.167702
230			-0.002793
231			0.138093
232			-0.017617
233			0.420128
234			0.102296
235			0.229124
236			0.307494
237			0.418130
238			-0.176832
239			0.212237
240			0.053712
241			0.058234
242			0.256139
243			0.341942
244			0.019665
245			0.209895
246			0.263263
247			0.388001
248			0.026507
249			0.280463
250			0.099309
251			0.380149
252			0.450136
253			0.268186
254			0.362395
255			0.297851
256			0.219387
257			-0.080723
258			0.180696
259			-0.032540
260			0.516908
261			0.496451
262			0.556856
263			-0.107864
264			0.380058
265			0.488220
266			-0.203430
267			0.050670
268			0.190772
269			0.216178
270			0.166655
271			0.569633
272			0.434553
273			0.335168
274			0.259353
275			-0.035685
276			0.307509
277			0.272389
278			0.013185
279			0.411408
280			0.451062
281			-0.176185
282			0.403138
283			0.051952
284			0.434000
285			0.092249
286			-0.165798
287			0.489528
288			0.323623
289			0.436945
290			0.234912
291			0.094767
292			0.412077
293			0.419274
294			0.431119
295			0.305931
296			0.420511
297			0.244987
298			0.364975
299			0.330795
300			0.460582
301			0.356603
302			0.481478
303			0.064776
304			0.499432
305			0.150527
306			0.357253
307			0.405967
308			0.186601
309			0.342675
310			-0.266194
311			0.017146
312			0.488327
313			0.207223
314			0.312984
315			0.413773
316			0.174602
317			0.100755
318			0.093525
319			0.143808
320			0.225123
321			0.368080
322			0.487888
323			0.325933
324			0.408882
325			0.275738
326			0.360180
327			0.265167
328			0.202782
329			0.511403
330			0.329654
331			0.321929
332			0.404624
333			0.192178
334			0.178300
335			0.400628
336			0.389882
337			0.166786
338			0.343943
339			0.319320
340			0.322075
341			0.398756
342			0.321694
343			-0.129617
344			0.445705
345			0.330855
346			-0.087572
347			0.396934
348			0.006319
349			0.327973
350			0.394032
351			0.237664
352			0.215640
353			0.486481
354			0.386834
355			0.157866
356			0.312212
357			-0.095469
358			0.226706
359			0.350093
360			-0.367434
361			0.239344
362			0.352464
363			0.188127
364			-0.457372
365			0.272903
366			0.395029
367			0.497172
368			0.438105
369			0.214386
370			0.188410
371			0.109690
372			0.110528
373			0.484048
374			0.331568
375			0.088041
376			0.417027
377			0.140163
378			0.220991
379			0.013086
380			-0.028331
381			0.558083
382			0.444372
383			0.143049
384			0.306870
385			0.357807
386			0.157144
387			0.489859
388			0.521710
389			0.212172
390			0.239969
391			0.320004
392			0.224259
393			0.502920
394			0.027318
395			0.110417
396			0.120476
397			0.134753
398			0.282488
399			-0.069120
400			-0.077296
401			0.419656
402			0.503236
403			0.013363
404			0.289887
405			0.190268
406			-0.328424
407			0.193225
408			0.098411
409			-0.202230
410			0.055010
411			0.247603
412			0.395311
413			0.333806
414			0.335955
415			-0.184208
416			0.023053
417			0.225564
418			0.122755
419			0.225454
420			0.500025
421			0.093884
422			0.426411
423			0.086193
424			0.536581
425			0.352541
426			0.271165
427			0.261198
428			0.232127
429			0.524982
430			0.424028
431			0.236935
432			0.181374
433			0.137470
434			0.246941
435			0.377278
436			0.234664
437			0.299049
438			0.050526
439			0.395477
440			0.516801
441			-0.069799
442			0.500006
443			0.050637
444			0.531156
445			0.444166
446			0.415887
447			0.144137
448			0.143912
449			0.324557
450			0.050913
451			0.238257
452			0.529064
453			0.135295
454			-0.132922
455			0.443070
456			0.432001
457			0.376096
458			0.081560
459			0.223385
460			-0.019632
461			0.168942
462			0.073328
463			0.140074
464			0.142458
465			0.122446
466			0.341985
467			0.284511
468			0.053276
469			0.383231
470			0.317253
471			0.382930
472			0.551822
473			0.343088
474			0.430179
475			0.017276
476			0.083530
477			0.110454
478			0.099806
479			-0.051902
480			0.193126
481			0.487639
482			0.431003
483			0.213654
484			0.199915
485			0.249918
486			-0.123242
487			0.406713
488			0.350925
489			0.217114
490			-0.152647
491			0.004258
492			0.197179
493			0.077208
494			0.368575
495			0.564958
496			0.316906
497			0.318324
498			0.326674
499			0.116778
500			0.246510
501			0.052521
502			-0.061293
503			0.037774
504			0.101217
505			0.340252
506			0.091239
507			0.245967
508			0.158945
509			0.113456
510			0.047755
511			0.316449
512			0.096770
513			0.309892
514			0.523822
515			0.357524
516			0.064716
517			0.305068
518			0.139786
519			0.269767
520			0.501933
521			0.315029
522			0.479037
523			0.210164
524			0.226826
525			0.175245
526			0.489560
527			0.006182
528			0.410679
529			0.308025
530			0.088643
531			0.383440
532			-0.208054
533			-0.133413
534			0.494558
535			0.436382
536			0.293763
537			0.311087
538			0.037783
539			0.025269
540			0.219752
541			0.059532
542			0.364478
543			0.090997
544			0.156414
545			0.376197
546			0.440423
547			0.382826
548			0.399527
549			0.164261
550			-0.049326
551			0.336028
552			0.144897
553			-0.341807
554			0.070255
555			0.118254
556			0.198529
557			-0.199926
558			0.203426
559			0.082172
560			0.004704
561			0.168451
562			0.467399
563			0.453644
564			-0.086377
565			0.421521
566			-0.183336
567			0.232221
568			0.092325
569			0.335093
570			0.343746
571			0.178893
572			0.132381
573			0.455870
574			0.290823
575			0.557728
576			0.204908
577			0.371511
578			0.211329
579			-0.000025
580			-0.166515
581			-0.112170
582			0.370804
583			0.399261
584			-0.013544
585			0.371606
586			-0.056651
587			0.282935
588			0.105342
589			0.410866
590			0.115068
591			0.221879
592			0.398969
593			0.161206
594			-0.144807
595			0.096493
596			0.449251
597			0.416468
598			0.028288
599			0.202605
600			0.303406
601			-0.213182
602			0.093102
603			0.166128
604			-0.032909
605			0.196666
606			-0.052658
607			-0.215163
608			0.083853
609			-0.200788
610			0.469059
611			0.136353
612			0.418919
613			0.254106
614			-0.195267
615			0.502972
616			0.220924
617			0.140918
618			0.067261
619			0.165920
620			0.204389
621			-0.229321
622			0.235944
623			0.301159
624			0.208226
625			0.304247
626			0.010415
627			0.121877
628			0.508332
629			0.251636
630			0.190106
631			0.244319
632			0.452663
633			0.233748
634			0.275954
635			0.263529
636			0.374030
637			0.256050
638			0.209973
639			0.484983
640			0.239188
641			0.061124
642			0.208891
643			0.148268
644			0.381426
645			-0.363233
646			0.221904
647			0.070707
648			0.247253
649			0.246626
650			0.027320
651			0.207925
652			0.110712
653			0.254425
654			0.114627
655			0.460270
656			0.036130
657			0.120758
658			-0.009458
659			0.156682
660			0.204123
661			0.052587
662			0.124689
663			0.282686
664			0.034800
665			0.396111
666			0.199326
667			0.015445
668			0.408997
669			0.474219
670			0.188560
671			-0.524740
672			0.402148
673			0.209609
674			0.178232
675			0.017441
676			0.513829
677			0.419587
678			0.271654
679			0.340903
680			0.383280
681			0.364615
682			0.089832
683			-0.009365
684			0.334954
685			0.180502
686			0.349652
687			0.444762
688			0.019582
689			0.384970
690			0.270680
691			0.242780
692			0.193291
693			0.184757
694			0.213305
695			0.373405
696			0.203911
697			0.081923
698			0.499887
699			0.445369
700			0.263583
701			-0.610710
702			0.137268
703			0.360816
704			0.138940
705			0.089981
706			0.298248
707			0.291902
708			0.127606
709			0.307014
710			0.231239
711			0.460381
712			-0.158816
713			0.424880
714			0.390595
715			0.133135
716			0.120940
717			0.073213
718			-0.034811
719			0.390095
720			-0.039251
721			0.086271
722			0.215745
723			0.147349
724			0.250990
725			0.151243
726			0.003299
727			0.150498
728			0.287958
729			-0.043302
730			0.262194
731			0.499471
732			0.142339
733			0.335663
734			0.052752
735			0.382028
736			0.092969
737			0.478047
738			0.266871
739			-0.491976
740			0.120595
741			0.519321
742			0.341003
743			-0.305535
744			0.226360
745			0.314400
746			0.280130
747			0.382809
748			0.528724
749			0.310857
750			0.427653
751			0.394798
752			0.135091
753			0.410348
754			0.455991
755			0.415829
756			0.429392
757			0.416885
758			0.218238
759			0.164191
760			0.325314
761			0.092063
762			0.370843
763			0.375803
764			0.269751
765			0.306542
766			0.344111
767			0.478339
768			0.018645
769			0.323185
770			0.184496
771			0.479572
772			0.323465
773			0.403030
774			0.108450
775			-0.208300
776			0.362315
777			0.176698
778			0.165660
779			-0.150353
780			0.227214
781			0.093969
782			0.328837
783			0.088188
784			0.410968
785			0.064570
786			0.284420
787			0.064308
788			0.055587
789			0.295949
790			0.263061
791			0.344697
792			0.225503
793			0.076309
794			0.170751
795			0.053856
796			0.233266
797			0.082457
798			0.500409
799			0.447501
800			0.538514
801			0.393483
802			0.275356
803			0.114713
804			0.457074
805			0.080356
806			-0.334268
807			0.503254
808			0.166594
809			0.312221
810			-0.002553
811			0.245983
812			0.132437
813			-0.084858
814			0.015809
815			-0.089164
816			0.182682
817			0.199713
818			0.022050
819			0.271067
820			0.346397
821			0.387274
822			-0.000769
823			0.212325
824			0.263817
825			0.482758
826			0.460854
827			0.146237
828			0.158642
829			0.420262
830			0.272221
831			-0.264314
832			0.454070
833			0.296898
834			0.529497
835			0.481396
836			0.372717
837			0.131547
838			0.361352
839			0.469297
840			0.244767
841			0.256101
842			0.237206
843			0.426280
844			0.446112
845			0.423949
846			0.272624
847			0.059781
848			0.411431
849			0.294679
850			0.431826
851			0.320840
852			0.139623
853			0.461905
854			0.022282
855			0.437119
856			0.492306
857			0.450245
858			0.471045
859			0.367755
860			0.055902
861			0.458206
862			0.333867
863			0.504915
864			-0.076043
865			0.019096
866			0.173687
867			0.470776
868			0.457746
869			0.217128
870			0.216939
871			0.433564
872			0.267730
873			-0.477306
874			0.179307
875			0.378247
876			-0.223583
877			0.322793
878			0.171988
879			0.140745
880			0.317260
881			0.290315
882			0.049565
883			0.348901
884			0.131881
885			0.273655
886			0.139606
887			0.527043
888			0.251388
889			-0.013068
890			0.440058
891			0.289646
892			0.349816
893			0.434747
894			0.223926
895			0.065326
896			0.392871
897			0.472870
898			0.248437
899			0.305640
900			0.405872
901			0.197532
902			0.330674
903			0.441659
904			0.208276
905			0.343914
906			0.086131
907			0.400869
908			0.027037
909			0.543976
910			0.385683
911			0.278728
912			0.356584
913			0.185475
914			0.023750
915			0.371063
916			0.140492
917			0.528822
918			0.161011
919			0.383518
920			0.085912
921			0.462229
922			0.166875
923			0.116497
924			0.200219
925			0.389963
926			0.389575
927			0.432099
928			0.054164
929			0.222106
930			0.471623
931			0.374641
932			-0.035660
933			-0.031334
934			0.019132
935			0.503942
936			0.126978
937			0.360707
938			0.172057
939			0.286293
940			0.397694
941			0.096284
942			0.564854
943			0.244503
944			0.522616
945			-0.035097
946			0.488357
947			0.138848
948			0.353166
949			0.512799
950			0.531522
951			0.504378
952			0.388528
953			0.464711
954			0.384468
955			0.097177
956			0.462705
957			0.392153
958			-0.050294
959			0.298534
960			0.074097
961			0.281483
962			0.257231
963			0.218347
964			0.388338
965			0.056641
966			0.345436
967			0.226655
968			0.276929
969			0.241556
970			0.226213
971			0.536908
972			0.309071
973			0.515775
974			0.332351
975			0.088861
976			0.527156
977			-0.085074
978			0.170231
979			0.415477
980			0.434715
981			0.425195
982			0.398372
983			0.230748
984			0.323453
985			0.190108
986			0.452857
987			0.508462
988			0.564731
989			0.299962
990			0.341177
991			-0.012461
992			0.085194
993			0.180607
994			0.398972
995			0.341499
996			0.293682
997			0.440239
998			0.315522
999			0.257723
1000			0.298103
1001			0.337230
1002			0.132560
1003			0.552732
1004			0.072759
1005			0.144681
1006			0.130352
1007			0.260461
1008			0.386284
1009			-0.098285
1010			0.005788
1011			0.380683
1012			0.189528
1013			-0.157589
1014			0.380970
1015			0.211859
1016			0.122351
1017			0.308063
1018			0.390180
1019			0.459756
1020			0.350162
1021			0.246499
1022			0.421048
1023			0.280127
1024			0.541955
1025			-0.008153
1026			0.376819
1027			0.073650
1028			0.530269
1029			0.288962
1030			-0.108418
1031			0.477717
1032			0.066502
1033			0.226512
1034			0.204833
1035			0.293719
1036			0.022462
1037			-0.123650
1038			0.286058
1039			0.226570
1040			0.165286
1041			0.374113
1042			0.375149
1043			0.160997
1044			0.100843
1045			0.282405
1046			-0.036693
1047			0.070706
1048			0.271989
1049			0.531570
1050			0.328529
1051			0.065316
1052			0.516239
1053			0.171595
1054			0.085489
1055			0.207511
1056			0.464565
1057			-0.181095
1058			0.331351
1059			-0.152645
1060			0.493584
1061			0.314504
1062			-0.115115
1063			0.323309
1064			0.466377
1065			0.144073
1066			0.254896
1067			0.349998
1068			-0.505284
1069			0.331185
1070			-0.158520
1071			-0.191497
1072			-0.039648
1073			0.184194
1074			0.006016
1075			0.134518
1076			0.427637
1077			0.494926
1078			-0.089570
1079			0.153859
1080			0.257711
1081			0.142445
1082			0.409978
1083			0.047211
1084			0.148225
1085			0.467965
1086			0.211405
1087			0.321459
1088			0.454186
1089			0.320795
1090			0.141142
1091			-0.226907
1092			-0.067308
1093			-0.171648
1094			0.147442
1095			0.132937
1096			0.471750
1097			0.055635
1098			0.558214
1099			-0.184284
1100			0.257262
1101			0.478846
1102			-0.023599
1103			0.215198
1104			0.399951
1105			0.208779
1106			0.200786
1107			0.140273
1108			0.097671
1109			0.143568
1110			0.165791
1111			-0.048321
1112			0.395695
1113			0.469049
1114			0.304662
1115			-0.168204
1116			0.443495
1117			0.402321
1118			0.391970
1119			-0.027454
1120			0.456214
1121			0.142643
1122			0.154805
1123			0.174673
1124			0.308138
1125			0.335276
1126			-0.311033
1127			0.075369
1128			0.505829
1129			0.231140
1130			0.339495
1131			0.395065
1132			0.182090
1133			0.385826
1134			0.411661
1135			0.374192
1136			0.227452
1137			0.413007
1138			0.285283
1139			0.288905
1140			0.323171
1141			-0.190447
1142			0.157441
1143			0.064913
1144			0.086290
1145			0.192939
1146			0.307202
1147			0.354246
1148			0.179127
1149			0.175636
1150			-0.085340
1151			0.421866
1152			0.025337
1153			0.249379
1154			0.147824
1155			0.298880
1156			0.483476
1157			0.005116
1158			0.191561
1159			0.256454
1160			0.387526
1161			-0.041132
1162			0.359902
1163			-0.419220
1164			0.395158
1165			0.033095
1166			-0.069279
1167			0.150126
1168			0.172137
1169			0.145397
1170			-0.010511
1171			0.162591
1172			0.201666
1173			-0.382469
1174			0.182836
1175			0.198297
1176			0.349059
1177			0.371196
1178			0.420585
1179			0.342754
1180			0.367512
1181			0.058482
1182			0.163225
1183			0.415519
1184			-0.428952
1185			0.419922
1186			0.213208
1187			0.044557
1188			0.420461
1189			0.218947
1190			0.024091
1191			-0.078529
1192			0.436851
1193			0.292768
1194			0.106301
1195			0.147850
1196			0.431975
1197			0.246897
1198			0.048263
1199			0.277909
1200			0.266913
1201			0.176920
1202			0.306473
1203			0.360915
1204			0.405025
1205			0.194659
1206			0.233477
1207			0.421433
1208			0.213484
1209			0.427688
1210			0.165473
1211			0.546990
1212			0.108208
1213			0.185411
1214			0.302939
1215			0.024613
1216			0.168604
1217			0.447875
1218			-0.174754
1219			0.302551
1220			-0.002821
1221			0.143024
1222			0.518749
1223			0.174313
1224			0.216986
1225			0.439025
1226			0.378314
1227			0.502244
1228			0.280819
1229			0.105015
1230			0.366752
1231			0.508760
1232			0.445328
1233			0.013149
1234			0.351609
1235			0.514184
1236			0.447635
1237			-0.045448
1238			0.189867
1239			0.303261
1240			0.247367
1241			0.300270
1242			0.128269
1243			0.101097
1244			0.132368
1245			0.097897
1246			0.160622
1247			0.425979
1248			0.263676
1249			0.396946
1250			-0.029007
1251			-0.054741
1252			0.060771
1253			0.127980
1254			0.210432
1255			0.102628
1256			-0.069682
1257			0.281241
1258			0.277323
1259			0.063361
1260			0.189656
1261			0.439395
1262			0.386221
1263			0.338766
1264			0.252960
1265			0.460935
1266			0.342121
1267			0.557898
1268			0.350222
1269			0.355519
1270			0.108454
1271			0.207417
1272			0.312929
1273			0.332402
1274			0.237741
1275			0.365362
1276			0.451097
1277			0.095699
1278			0.409080
1279			0.383230
1280			0.396489
1281			0.054438
1282			0.272369
1283			0.149966
1284			0.335884
1285			0.245353
1286			0.336162
1287			0.473754
1288			0.343250
1289			0.268550
1290			0.114354
1291			0.314858
1292			0.359730
1293			0.244189
1294			0.224389
1295			-0.507057
1296			0.330213
1297			0.197702
1298			0.088573
1299			0.394400
1300			0.148083
1301			-0.035456
1302			0.400313
1303			0.030752
1304			0.368407
1305			0.267604
1306			0.161008
1307			0.138906
1308			0.078789
1309			0.058834
1310			-0.055326
1311			0.048060
1312			0.163423
1313			-0.113326
1314			0.167485
1315			0.329858
1316			0.317329
1317			0.385738
1318			0.383375
1319			0.190453
1320			0.389962
1321			0.336352
1322			0.370565
1323			0.285432
1324			-0.041998
1325			-0.014385
1326			0.454626
1327			0.089289
1328			-0.164028
1329			0.044140
1330			0.281310
1331			0.408362
1332			0.177175
1333			0.276469
1334			0.181899
1335			0.449340
1336			0.114388
1337			0.236252
1338			0.164323
1339			0.282823
1340			0.036215
1341			0.298590
1342			0.181840
1343			0.523092
1344			0.342436
1345			0.446142
1346			0.463477
1347			0.045195
1348			0.187260
1349			0.381957
1350			0.442513
1351			0.377332
1352			0.295269
1353			-0.102287
1354			0.180116
1355			0.024232
1356			0.043785
1357			0.491909
1358			-0.084176
1359			0.085976
1360			-0.286330
1361			0.296447
1362			0.236578
1363			0.103731
1364			-0.106601
1365			-0.051003
1366			0.131028
1367			0.373620
1368			0.189189
1369			0.364442
1370			0.524067
1371			0.213595
1372			0.363997
1373			0.444479
1374			0.329331
1375			0.487323
1376			0.337884
1377			-0.226590
1378			0.345759
1379			0.205924
1380			0.501901
1381			0.486401
1382			0.150213
1383			0.044252
1384			0.393905
1385			0.151715
1386			0.165305
1387			0.419245
1388			0.154661
1389			0.271453
1390			0.139899
1391			0.138427
1392			0.165259
1393			0.066747
1394			0.102605
1395			0.223540
1396			0.145317
1397			0.004899
1398			0.201311
1399			-0.005783
1400			-0.462936
1401			0.329392
1402			0.405732
1403			0.000705
1404			0.262906
1405			0.343227
1406			-0.126951
1407			0.427675
1408			0.256656
1409			0.316107
1410			0.225549
1411			0.250509
1412			0.353576
1413			-0.012005
1414			0.240248
1415			0.551809
1416			0.008329
1417			0.450284
1418			0.304816
1419			0.378915
1420			0.048016
1421			0.506412
1422			0.215446
1423			0.382319
1424			0.184606
1425			0.298231
1426			0.245276
1427			0.492002
1428			0.143278
1429			0.164474
1430			0.429971
1431			0.275440
1432			0.330331
1433			0.385270
1434			0.434252
1435			0.465174
1436			0.306892
1437			0.260929
1438			0.153489
1439			0.369960
1440			-0.034122
1441			0.030070
1442			-0.145905
1443			0.462992
1444			0.389536
1445			0.157647
1446			0.381734
1447			0.334414
1448			0.419565
1449			0.283027
1450			0.114892
1451			-0.017261
1452			0.171190
1453			0.114264
1454			0.345113
1455			0.427171
1456			0.345952
1457			0.083070
1458			0.331760
1459			0.331767
1460			0.422832
1461			0.381696
1462			0.395371
1463			0.278333
1464			0.026676
1465			0.383056
1466			0.334879
1467			0.449242
1468			0.357514
1469			0.417929
1470			0.361542
1471			0.314421
1472			0.348491
1473			0.273503
1474			0.515009
1475			0.389662
1476			0.327987
1477			0.505417
1478			0.385453
1479			0.527259
1480			0.203313
1481			-0.144603
1482			0.258823
1483			0.538335
1484			0.020024
1485			0.157976
1486			0.150462
1487			0.370718
1488			-0.013934
1489			-0.030109
1490			0.456381
1491			0.332308
1492			-0.012899
1493			0.290777
1494			0.461956
1495			0.351090
1496			0.049982
1497			0.236180
1498			0.205841
1499			0.334799
1500			0.349730
1501			0.330257
1502			0.227736
1503			0.350327
1504			0.023900
1505			0.564173
1506			-0.175572
1507			0.263932
1508			0.140268
1509			-0.080525
1510			0.243872
1511			0.370064
1512			0.373284
1513			0.382822
1514			0.222514
1515			0.078562
1516			0.456189
1517			0.019512
1518			0.372482
1519			0.408180
1520			0.340859
1521			0.129550
1522			0.446754
1523			0.084444
1524			0.527718
1525			0.342808
1526			0.413715
1527			0.457194
1528			0.092085
1529			-0.125155
1530			0.051120
1531			0.328535
1532			0.380167
1533			0.216150
1534			0.312059
1535			0.445530
1536			0.405139
1537			0.208702
1538			0.375046
1539			0.515245
1540			0.440796
1541			0.402396
1542			0.407411
1543			0.298191
1544			0.343856
1545			0.329848
1546			0.397444
1547			0.152000
1548			0.301140
1549			0.456482
1550			0.440301
1551			0.309093
1552			-0.338320
1553			0.386300
1554			0.186772
1555			-0.091213
1556			-0.432016
1557			0.425960
1558			0.563122
1559			0.451762
1560			0.189402
1561			0.348192
1562			0.369010
1563			0.352757
1564			0.014501
1565			-0.177857
1566			0.250600
1567			0.215026
1568			0.355110
1569			0.285031
1570			0.382533
1571			0.477643
1572			0.181465
1573			-0.100377
1574			-0.075658
1575			0.262031
1576			-0.050524
1577			-0.083793
1578			-0.135394
1579			0.266189
1580			0.258798
1581			0.242426
1582			0.092433
1583			0.290496
1584			0.343490
1585			0.115644
1586			-0.054938
1587			0.032878
1588			-0.035892
1589			0.302647
1590			0.483529
1591			0.186405
1592			0.005458
1593			0.400382
1594			0.291036
1595			0.389527
1596			0.133061
1597			0.042724
1598			0.179661
1599			0.423454
1600			-0.002891
1601			-0.181719
1602			0.283723
1603			0.145448
1604			0.519572
1605			0.043389
1606			0.363655
1607			0.361871
1608			0.352146
1609			0.283856
1610			0.403240
1611			0.481461
1612			0.300508
1613			0.286095
1614			0.466873
1615			-0.017073
1616			0.307487
1617			0.447231
1618			0.122987
1619			-0.015228
1620			0.004706
1621			0.078989
1622			0.350217
1623			0.350790
1624			0.269619
1625			0.456697
1626			0.209740
1627			0.243896
1628			-0.054710
1629			0.365558
1630			0.381895
1631			0.485638
1632			0.306902
1633			0.398544
1634			0.401172
1635			-0.380428
1636			0.313272
1637			0.413796
1638			0.323394
1639			0.220242
1640			0.454723
1641			-0.074685
1642			0.397423
1643			0.213063
1644			0.370027
1645			0.522272
1646			0.139602
1647			0.423884
1648			0.419651
1649			0.455683
1650			-0.093337
1651			0.390180
1652			0.418840
1653			-0.044632
1654			0.352591
1655			0.312177
1656			0.253640
1657			0.547183
1658			0.346559
1659			0.387005
1660			0.023463
1661			0.056921
1662			0.213331
1663			0.080757
1664			0.400740
1665			0.066231
1666			0.198705
1667			0.365708
1668			0.557745
1669			0.273980
1670			0.410838
1671			0.291712
1672			-0.107478
1673			0.454334
1674			0.402094
1675			0.438324
1676			0.269494
1677			0.193506
1678			0.437660
1679			-0.028087
1680			0.409225
1681			0.425656
1682			0.269846
1683			0.209213
1684			-0.029369
1685			0.037489
1686			0.338814
1687			0.401229
1688			0.313717
1689			0.150035
1690			0.226546
1691			0.421426
1692			0.476682
1693			0.142961
1694			0.379460
1695			0.266718
1696			0.366936
1697			0.316879
1698			0.167440
1699			0.059263
1700			0.300557
1701			-0.153771
1702			0.353319
1703			0.426590
1704			0.289918
1705			0.114036
1706			0.342163
1707			0.441674
1708			0.332962
1709			0.289180
1710			0.345085
1711			0.467979
1712			0.287449
1713			0.369748
1714			0.113922
1715			0.260503
1716			0.015472
1717			0.525419
1718			0.208612
1719			0.512116
1720			0.294044
1721			0.145344
1722			0.267593
1723			0.388272
1724			0.127025
1725			0.028865
1726			0.141326
1727			0.455698
1728			0.533222
1729			0.405162
1730			0.259227
1731			-0.111773
1732			-0.166053
1733			0.260981
1734			0.029508
1735			0.244658
1736			-0.035322
1737			0.570596
1738			0.090970
1739			-0.488437
1740			0.453929
1741			0.207156
1742			0.249399
1743			0.047652
1744			0.018162
1745			0.227387
1746			0.282654
1747			0.372237
1748			0.085215
1749			0.152070
1750			-0.446718
1751			0.002978
1752			0.402386
1753			0.369195
1754			0.035056
1755			0.559189
1756			0.474959
1757			0.129970
1758			0.499684
1759			0.028798
1760			0.106130
1761			0.086421
1762			-0.078804
1763			0.396245
1764			0.203724
1765			0.415722
1766			0.101419
1767			-0.266478
1768			0.055121
1769			0.309238
1770			0.210880
1771			-0.050988
1772			0.293516
1773			0.264382
1774			0.528687
1775			0.480902
1776			0.314104
1777			0.250504
1778			0.184274
1779			0.524013
1780			0.466951
1781			0.390303
1782			0.503190
1783			0.299618
1784			0.317643
1785			0.231384
1786			0.287570
1787			0.449360
1788			-0.066490
1789			0.261678
1790			0.472184
1791			0.277965
1792			0.231406
1793			0.441969
1794			0.278719
1795			-0.060764
1796			0.203838
1797			0.405343
1798			0.063570
1799			0.263725
1800			0.010143
1801			0.352015
1802			0.318933
1803			0.284228
1804			-0.047505
1805			0.347685
1806			0.422276
1807			0.526302
1808			0.477633
1809			0.433644
1810			0.265057
1811			0.454043
1812			0.320864
1813			0.373946
1814			0.301645
1815			-0.092554
1816			0.138730
1817			0.387288
1818			0.363044
1819			0.049264
1820			-0.558699
1821			0.500488
1822			0.111846
1823			0.329520
1824			0.083308
1825			0.305104
1826			0.136221
1827			0.279754
1828			-0.061194
1829			0.424792
1830			0.132057
1831			0.122391
1832			0.386644
1833			-0.060045
1834			-0.018997
1835			-0.424212
1836			0.218766
1837			0.215555
1838			0.208170
1839			0.407829
1840			0.338425
1841			0.409620
1842			0.424792
1843			-0.013716
1844			0.105926
1845			0.182116
1846			0.294015
1847			0.305750
1848			0.404702
1849			0.364141
1850			-0.035079
1851			0.150532
1852			0.283150
1853			0.240533
1854			0.321277
1855			-0.152525
1856			0.550121
1857			-0.256085
1858			0.399057
1859			0.512822
1860			0.413938
1861			-0.089530
1862			0.481801
1863			0.394205
1864			0.416662
1865			0.067401
1866			-0.065175
1867			0.358577
1868			0.189673
1869			0.338891
1870			0.331996
1871			0.125721
1872			0.347228
1873			0.304911
1874			0.077004
1875			0.260260
1876			0.096743
1877			0.161500
1878			0.095628
1879			0.324212
1880			0.442989
1881			0.437678
1882			0.465924
1883			0.094859
1884			0.478499
1885			0.239327
1886			0.532445
1887			0.142952
1888			0.515297
1889			0.199169
1890			0.410735
1891			0.173442
1892			0.407957
1893			0.239203
1894			0.355913
1895			0.470843
1896			0.317623
1897			0.411639
1898			0.344053
1899			0.393998
1900			0.473431
1901			0.106746
1902			0.030135
1903			0.545138
1904			0.228595
1905			-0.023733
1906			0.198848
