nIteration		silhouette_value
0		0.064235
1		0.201495
2		0.208234
3		0.101122
4		0.294901
5		0.435540
6		0.424894
7		-0.089815
8		0.087146
9		0.309444
10		0.408603
11		0.451274
12		0.190329
13		0.430204
14		0.432349
15		-0.343568
16		0.167063
17		0.270750
18		0.327604
19		0.420211
20		0.407360
21		0.384450
22		0.461906
23		0.238861
24		0.371147
25		-0.278187
26		0.479485
27		0.388502
28		0.379906
29		-0.020608
30		0.383810
31		0.377061
32		0.238861
33		0.332489
34		0.174187
35		0.485638
36		0.415149
37		0.336951
38		-0.057391
39		0.462480
40		0.413834
41		-0.047725
42		0.288749
43		0.420295
44		0.510489
45		0.378924
46		0.249376
47		0.395670
48		0.437732
49		-0.179964
50		0.340093
51		0.457144
52		0.527640
53		0.296941
54		0.394417
55		0.415703
56		0.564912
57		0.518667
58		0.490848
59		0.479328
60		0.268059
61		0.429665
62		0.449338
63		0.418027
64		-0.034351
65		0.492638
66		0.445937
67		0.298074
68		0.292409
69		0.318816
70		0.433286
71		0.417527
72		0.296664
73		0.384754
74		0.512040
75		0.350236
76		0.443752
77		0.125993
78		0.505679
79		0.325284
80		0.295464
81		0.140201
82		0.095431
83		0.388360
84		-0.099028
85		0.234078
86		0.066978
87		0.294190
88		0.415217
89		0.235976
90		0.555241
91		0.144198
92		-0.222418
93		0.291028
94		0.154494
95		0.336052
96		0.545342
97		0.283880
98		0.276888
99		-0.159375
100		0.366487
101		0.482425
102		0.153273
103		-0.336572
104		-0.106937
105		0.354290
106		0.476339
107		0.448322
108		0.238925
109		-0.021511
110		0.298026
111		0.449366
112		0.440243
113		0.498601
114		-0.022160
115		0.032573
116		0.546423
117		0.452978
118		0.438875
119		0.479872
120		0.180500
121		0.515214
122		0.496713
123		0.093283
124		0.323612
125		0.487002
126		0.340496
127		0.529938
128		0.362587
129		0.261530
130		0.503980
131		0.492488
132		0.380587
133		0.530700
134		0.544307
135		0.500224
136		0.443919
137		0.117988
138		-0.276016
139		0.199756
140		-0.364078
141		0.394444
142		0.396723
143		0.292557
144		0.166794
145		0.443363
146		-0.215320
147		0.346537
148		0.284913
149		-0.007595
150		0.270545
151		-0.104797
152		0.417207
153		0.299307
154		0.299474
155		0.381973
156		0.172344
157		0.431478
158		0.416714
159		-0.211651
160		0.459615
161		0.473148
162		0.539475
163		0.167833
164		0.458424
165		0.525030
166		0.446987
167		-0.359402
168		0.071219
169		0.384180
170		0.425616
171		0.465116
172		0.519785
173		0.365213
174		0.539755
175		0.006965
176		0.369040
177		-0.079060
178		0.457338
179		0.485277
180		0.533052
181		0.506809
182		0.448770
183		0.479675
184		-0.018857
185		-0.167045
186		0.385074
187		0.343485
188		0.459128
189		0.085602
190		0.521459
191		0.236374
192		0.347456
193		0.492574
194		0.318290
195		0.414315
196		0.543828
197		-0.321648
198		0.428104
199		-0.080779
200		0.456554
201		0.131736
202		0.472453
203		0.264727
204		0.396891
205		-0.119602
206		-0.175087
207		0.045851
208		0.372044
209		0.553301
210		-0.142110
211		0.395895
212		-0.268207
213		-0.035803
214		-0.202674
215		0.215924
216		0.508502
217		0.276569
218		0.372336
219		-0.170773
220		0.447344
221		-0.115100
222		0.380662
223		0.406876
224		0.519247
225		0.390496
226		0.315467
227		0.435665
228		0.008603
229		-0.163583
230		0.352370
231		-0.050128
232		0.351036
233		0.265989
234		0.528433
235		0.095942
236		0.367644
237		0.418491
238		0.003869
239		0.395891
240		-0.136469
241		0.384969
242		0.468983
243		0.307670
244		0.352760
245		0.525854
246		0.343657
247		0.511951
248		0.315848
249		0.207624
250		0.522389
251		-0.010449
252		-0.095920
253		0.520545
254		0.086359
255		0.372678
256		0.043508
257		0.214634
258		0.443933
259		-0.154277
260		0.285657
261		0.024537
262		0.050258
263		0.511691
264		-0.033562
265		0.424963
266		0.458962
267		0.328880
268		0.300108
269		-0.006077
270		0.406187
271		0.451136
272		0.102084
273		-0.177607
274		0.254709
275		0.351753
276		-0.189210
277		0.409297
278		-0.229350
279		0.391311
280		0.412065
281		0.298880
282		-0.168180
283		0.163193
284		0.337884
285		0.290693
286		0.419857
287		0.310836
288		0.473912
289		0.430382
290		0.077110
291		0.342232
292		0.365349
293		-0.014845
294		0.406584
295		0.346908
296		-0.220566
297		0.183244
298		0.492725
299		-0.064531
300		0.371968
301		0.365246
302		0.010755
303		0.450650
304		0.384196
305		0.584324
306		0.432167
307		0.181911
308		0.537898
309		0.406566
310		0.501309
311		0.432717
312		0.585328
313		0.454619
314		0.555358
315		0.010203
316		0.464887
317		0.518714
318		0.593001
319		0.585888
320		0.627263
321		0.221694
322		0.561650
323		0.501566
324		0.512853
325		0.558494
326		0.565908
327		0.457828
328		0.180098
329		0.578975
330		0.569422
331		0.441527
332		0.610938
333		0.657051
334		0.328310
335		0.571632
336		0.229959
337		0.549529
338		0.567159
339		0.585992
340		0.572589
341		0.553565
342		0.659867
343		0.475681
344		0.598775
345		0.541859
346		0.406770
347		0.496797
348		0.607288
349		0.160203
350		0.575172
351		0.459768
352		0.574828
353		0.602260
354		0.565464
355		0.573000
356		0.619899
357		0.273641
358		0.635632
359		0.548095
360		0.652721
361		0.487528
362		0.532087
363		0.410464
364		0.596492
365		0.602478
366		0.309868
367		0.643518
368		0.387175
369		0.595726
370		0.639754
371		0.497948
372		0.632001
373		0.448678
374		0.469329
375		0.626454
376		0.546764
377		0.195198
378		0.549761
379		0.618101
380		0.001749
381		0.476174
382		0.557325
383		0.406352
384		0.497405
385		0.448911
386		0.345895
387		0.515192
388		0.552379
389		0.455268
390		0.524909
391		0.487294
392		0.561476
393		0.428766
394		0.504870
395		0.530669
396		0.588057
397		0.525950
398		0.576126
399		0.584652
400		0.556543
401		0.364424
402		0.526102
403		0.429016
404		0.296034
405		0.446569
406		0.554494
407		0.528056
408		0.496698
409		0.551810
410		0.535583
411		0.592273
412		0.589540
413		0.469120
414		0.479688
415		0.529411
416		0.567029
417		0.530125
418		0.608664
419		0.633468
420		0.521930
421		0.587033
422		0.517580
423		0.598571
424		0.260186
425		0.506119
426		0.531281
427		0.571207
428		0.555402
429		0.570992
430		0.489456
431		0.601309
432		0.590582
433		0.522800
434		0.567648
435		0.557107
436		0.463582
437		0.538261
438		0.096750
439		0.436634
440		0.502845
441		0.552175
442		0.422974
443		0.585300
444		0.510617
445		0.513889
446		0.566025
447		0.421292
448		0.509876
449		0.633731
450		0.603640
451		0.545586
452		0.632373
453		0.464591
454		0.621955
455		0.555801
456		0.647804
457		0.474441
458		0.621983
459		0.567537
460		0.652616
461		0.647785
462		0.532911
463		0.637100
464		0.628326
465		0.619096
466		0.446992
467		0.628440
468		0.269410
469		0.639301
470		0.491415
471		0.666842
472		0.457345
473		0.501056
474		0.650928
475		0.648639
476		0.648125
477		0.512571
478		0.520759
479		0.449260
480		0.614556
481		0.591678
482		0.626700
483		0.552796
484		0.542802
485		0.397779
486		0.565034
487		0.604058
488		0.101209
489		0.171051
490		0.552280
491		0.533638
492		0.403406
493		0.515704
494		0.505482
495		0.330326
496		0.491743
497		-0.006881
498		0.509105
499		0.221409
500		0.583369
