average Silhouette Value = 0.134094

nFID			silhouette_val
0			-0.415087
1			0.206484
2			-0.450470
3			0.251827
4			-0.817856
5			-0.097956
6			-0.599486
7			0.095195
8			0.152378
9			-0.111983
10			0.058397
11			0.219408
12			0.131759
13			0.228797
14			0.014536
15			0.055323
16			-0.000116
17			0.022760
18			0.030263
19			-0.015650
20			0.328948
21			0.268912
22			0.121094
23			0.225254
24			0.204628
25			0.201487
26			0.400919
27			0.290978
28			0.229228
29			0.168811
30			0.313631
31			0.431933
32			0.376448
33			-0.041052
34			0.359003
35			0.167131
36			-0.056436
37			0.055992
38			0.363818
39			0.329881
40			0.135838
41			0.360236
42			0.082141
43			-0.008629
44			0.065119
45			0.392039
46			-0.026851
47			0.461727
48			-0.105157
49			0.258898
50			-0.191748
51			0.176155
52			0.321190
53			-0.196623
54			0.313174
55			-0.291625
56			-0.018624
57			0.090241
58			0.236965
59			0.379199
60			0.455453
61			0.241037
62			0.126187
63			0.296504
64			0.128738
65			0.390602
66			0.262421
67			0.420663
68			0.339926
69			0.205700
70			0.332037
71			0.088018
72			0.273836
73			0.391905
74			0.429408
75			-0.304008
76			0.140980
77			0.283831
78			-0.072622
79			0.335343
80			0.048017
81			0.020759
82			0.281011
83			0.217549
84			0.361150
85			0.419164
86			0.131314
87			0.047830
88			0.107787
89			0.374964
90			0.105894
91			0.087188
92			0.134396
93			-0.025987
94			-0.072405
95			0.380012
96			0.146810
97			0.219443
98			0.243177
99			0.331717
100			0.208246
101			0.129082
102			0.026497
103			0.172346
104			0.271267
105			0.039772
106			0.286631
107			0.401769
108			-0.046349
109			0.083309
110			-0.564375
111			0.373772
112			0.309725
113			0.302964
114			0.135902
115			0.444966
116			0.077820
117			0.095562
118			-0.693690
119			0.263986
120			0.332003
121			0.148219
122			-0.208033
123			0.032691
124			0.144588
125			0.056598
126			0.123748
127			0.031181
128			0.149602
129			-0.052394
130			-0.019700
131			0.187989
132			0.138349
133			0.242546
134			0.136398
135			0.311162
136			0.332249
137			0.330615
138			0.338962
139			0.391431
140			-0.019334
141			-0.182853
142			0.230042
143			0.356293
144			-0.211880
145			0.216448
146			0.540136
147			0.050179
148			0.202721
149			0.090152
150			0.370759
151			-0.064237
152			-0.029614
153			-0.026488
154			0.163762
155			0.214464
156			-0.162913
157			0.080030
158			-0.043078
159			0.276894
160			-0.133498
161			0.499994
162			0.024433
163			0.374161
164			0.307612
165			0.077464
166			0.246646
167			-0.469568
168			0.017174
169			0.163572
170			0.086167
171			0.269966
172			-0.528494
173			0.283554
174			0.331176
175			-0.031377
176			0.156955
177			0.019068
178			0.034124
179			0.179120
180			0.052640
181			0.006496
182			0.247291
183			-0.005082
184			0.091292
185			0.376866
186			0.152339
187			0.400375
188			0.148278
189			0.304993
190			-0.034468
191			0.193342
192			0.173475
193			0.398072
194			0.255077
195			0.401609
196			0.436039
197			0.196164
198			0.137887
199			0.409493
200			0.066479
201			-0.041731
202			-0.073537
203			-0.127113
204			0.176039
205			0.074453
206			0.317117
207			0.066522
208			0.048098
209			0.052329
210			0.354072
211			0.239077
212			0.229848
213			0.091758
214			-0.105788
215			0.152600
216			0.127692
217			-0.125115
218			0.358785
219			0.415641
220			0.354271
221			-0.183615
222			0.372696
223			0.306226
224			0.317591
225			-0.051802
226			0.335302
227			0.236722
228			-0.059210
229			0.024301
230			-0.084081
231			-0.116447
232			0.158543
233			0.105136
234			0.106532
235			0.101282
236			0.186090
237			0.019180
238			0.198852
239			0.247290
240			0.285171
241			0.247674
242			0.152846
243			0.052205
244			0.141611
245			0.090182
246			0.240656
247			0.133333
248			-0.004945
249			0.345342
250			0.102085
251			0.090967
252			0.332802
253			0.317294
254			0.289876
255			-0.145656
256			0.336131
257			-0.220752
258			0.132538
259			-0.196500
260			0.514344
261			0.555204
262			0.358297
263			-0.014776
264			0.035783
265			0.173578
266			0.097217
267			-0.263639
268			0.186133
269			0.411864
270			0.351443
271			0.402199
272			0.085666
273			0.288673
274			0.201549
275			0.229782
276			0.380779
277			0.339196
278			0.025411
279			0.081036
280			0.307462
281			0.052257
282			-0.014337
283			0.117882
284			0.228813
285			0.334498
286			0.083420
287			0.407887
288			0.293240
289			0.275519
290			0.123646
291			-0.043458
292			0.071120
293			0.285340
294			0.032168
295			0.340071
296			0.099786
297			0.279131
298			0.191171
299			0.286166
300			0.308419
301			0.221510
302			-0.246508
303			0.232999
304			0.523496
305			-0.002770
306			0.253637
307			0.205218
308			0.086320
309			0.054334
310			0.366476
311			0.116425
312			-0.119079
313			-0.117443
314			-0.008936
315			-0.059329
316			0.136615
317			0.200764
318			0.231801
319			0.159764
320			-0.021325
321			0.275635
322			0.068556
323			0.340028
324			0.160177
325			0.332440
326			0.185934
327			0.360256
328			0.018766
329			-0.031343
330			0.168342
331			0.190508
332			0.207742
333			0.214499
334			0.289719
335			0.136685
336			0.042797
337			0.238043
338			0.210516
339			0.079404
340			0.407994
341			0.329624
342			0.161365
343			0.077389
344			0.155809
345			0.198409
346			0.012391
347			0.328568
348			0.026779
349			0.173819
350			0.117040
351			0.070229
352			0.259497
353			-0.069820
354			0.164842
355			0.188181
356			0.027372
357			0.108270
358			0.309482
359			0.166925
360			-0.026208
361			0.420471
362			0.158726
363			0.208982
364			0.177961
365			0.428997
366			0.186624
367			0.038046
368			0.240350
369			0.262265
370			-0.148304
371			-0.466950
372			0.104693
373			0.325038
374			0.101684
375			0.191547
376			0.227226
377			0.771863
378			0.122978
379			-0.317189
380			0.043676
381			0.516271
382			-0.133282
383			-0.157654
384			0.358736
385			0.062115
386			0.338859
387			-0.163991
388			0.387555
389			-0.052915
390			0.699875
391			0.433295
392			0.301031
393			-0.214930
394			0.194251
395			0.214249
396			-0.142859
397			-0.034732
398			-0.026846
399			0.028060
400			0.088329
401			0.272089
402			0.359141
403			0.062402
404			-0.048744
405			0.003281
406			0.157109
407			0.102529
408			-0.124632
409			-0.020341
410			0.012160
411			0.385094
412			0.211502
413			0.418718
414			-0.091936
415			-0.092933
416			0.221747
417			0.324582
418			-0.036188
419			-0.208563
420			-0.198958
421			0.085451
422			0.115463
423			0.080591
424			0.368372
425			0.041934
426			0.103479
427			-0.202151
428			0.407430
429			0.480169
430			-0.136988
431			0.292001
432			0.062425
433			-0.241256
434			0.407147
435			0.350179
436			-0.260456
437			0.190718
438			0.276865
439			-0.040283
440			0.483819
441			0.141388
442			0.462189
443			0.183204
444			0.347265
445			-0.023066
446			0.031074
447			-0.120608
448			0.162437
449			0.389633
450			-0.049192
451			0.365585
452			0.308110
453			0.114389
454			0.104830
455			0.141221
456			0.136838
457			0.177741
458			0.363902
459			-0.089492
460			-0.117103
461			0.157262
462			0.017744
463			0.070303
464			0.163719
465			0.199163
466			0.173297
467			0.099462
468			0.055385
469			0.168007
470			0.310639
471			-0.015007
472			0.508447
473			-0.097716
474			0.325268
475			-0.051805
476			-0.243664
477			0.009927
478			0.373725
479			0.028796
480			0.283090
481			0.307523
482			0.153652
483			0.321331
484			-0.138069
485			0.295241
486			-0.136028
487			0.062176
488			-0.153854
489			0.291579
490			-0.181445
491			0.229811
492			0.028755
493			-0.406381
494			0.259553
495			-0.242156
496			0.015874
497			0.316939
498			0.220336
499			0.068630
500			0.323408
501			-0.089610
502			0.137566
503			0.144562
504			0.133369
505			0.020218
506			0.200705
507			-0.056144
508			0.261072
509			0.032953
510			0.141537
511			-0.049150
512			0.167495
513			0.394883
514			-0.766384
515			-0.266288
516			0.137626
517			0.342480
518			0.662901
519			-0.197094
520			0.279526
521			0.185367
522			0.201564
523			0.305689
524			0.256043
525			0.062515
526			0.088699
527			0.158937
528			-0.140565
529			0.366136
530			0.290327
531			0.284475
532			-0.176895
533			0.023206
534			-0.487412
535			0.044129
536			0.097745
537			0.043956
538			0.077692
539			0.017460
540			0.164315
541			0.361664
542			-0.043687
543			0.231024
544			0.325111
545			0.227652
546			0.332817
547			0.084594
548			0.040014
549			0.008708
550			0.060600
551			0.260405
552			0.224505
553			0.243771
554			0.017170
555			-0.316233
556			-0.302354
557			0.114641
558			0.219400
559			0.110788
560			0.118091
561			0.159274
562			-0.180471
563			0.014252
564			0.085508
565			-0.115198
566			0.115343
567			0.012323
568			-0.120423
569			0.240823
570			0.427787
571			0.333289
572			0.252416
573			0.061088
574			0.105015
575			0.434347
576			0.035036
577			-0.117197
578			0.198770
579			-0.056046
580			-0.197899
581			0.083122
582			0.193419
583			0.307246
584			0.136000
585			0.332300
586			0.126692
587			0.281076
588			0.103321
589			0.105684
590			0.293138
591			0.297935
592			0.063457
593			0.008612
594			0.068034
595			0.121611
596			0.222023
597			-0.042820
598			0.701424
599			0.006289
600			0.058374
601			0.098262
602			0.146939
603			0.100057
604			-0.122677
605			0.138129
606			-0.027604
607			-0.003702
608			-0.257840
609			0.129379
610			-0.099131
611			0.200933
612			-0.160268
613			0.329701
614			-0.009168
615			-0.160292
616			0.276695
617			0.042660
618			0.156516
619			0.102046
620			0.302879
621			0.195040
622			0.238698
623			0.366390
624			0.159792
625			0.331754
626			0.060342
627			0.123070
628			0.464094
629			-0.063467
630			0.077905
631			0.139710
632			0.025932
633			-0.183073
634			0.364068
635			0.287923
636			-0.030722
637			0.160460
638			-0.035787
639			0.096315
640			0.204198
641			0.107003
642			0.005312
643			-0.185448
644			-0.116640
645			0.391472
646			-0.127008
647			0.014860
648			-0.218875
649			0.016412
650			0.130904
651			-0.176536
652			0.309533
653			0.310300
654			0.211755
655			0.224490
656			0.093348
657			0.040233
658			-0.230660
659			0.033688
660			-0.039135
661			-0.303087
662			-0.125972
663			0.132239
664			0.299872
665			0.113135
666			0.114655
667			0.058240
668			-0.009219
669			0.263739
670			0.196808
671			0.456368
672			-0.011106
673			0.269014
674			0.136245
675			0.181884
676			0.526943
677			0.276383
678			0.022557
679			0.120444
680			0.265193
681			0.144627
682			-0.027290
683			0.017645
684			0.342993
685			-0.039418
686			0.159939
687			0.078061
688			0.249738
689			0.161436
690			0.346718
691			0.011376
692			0.174236
693			0.169471
694			-0.030030
695			0.124185
696			-0.049295
697			0.064612
698			-0.642415
699			0.172593
700			-0.119919
701			-0.443872
702			-0.429076
703			0.247290
704			0.236973
705			-0.362283
706			0.433407
707			0.247989
708			0.028656
709			0.406887
710			-0.014895
711			-0.076912
712			0.060521
713			0.021900
714			-0.026184
715			-0.010287
716			-0.064136
717			0.047304
718			-0.091894
719			0.091749
720			-0.140396
721			-0.082520
722			0.237042
723			0.187043
724			0.000084
725			-0.283353
726			-0.158322
727			0.199880
728			0.165563
729			0.160404
730			0.167502
731			0.430758
732			-0.477061
733			0.305716
734			0.165974
735			0.299809
736			0.116020
737			0.043081
738			0.180847
739			0.217654
740			0.040430
741			0.446059
742			0.325006
743			0.393615
744			0.231437
745			0.702657
746			0.296613
747			0.305456
748			-0.142446
749			0.190823
750			0.053406
751			0.295885
752			-0.350115
753			0.001206
754			0.296290
755			-0.083383
756			0.115194
757			0.184637
758			0.189795
759			-0.050971
760			0.082825
761			0.655332
762			0.316218
763			0.370437
764			0.423284
765			0.332799
766			-0.090013
767			0.005495
768			0.176574
769			0.358452
770			0.158621
771			0.093190
772			0.321311
773			0.241353
774			0.158682
775			0.363574
776			0.153801
777			0.166904
778			0.082489
779			0.183394
780			0.136806
781			0.099271
782			0.007870
783			-0.135025
784			0.240075
785			0.749471
786			-0.283087
787			0.243540
788			0.241002
789			0.385969
790			0.050680
791			0.165867
792			0.216637
793			0.117047
794			0.070073
795			0.111387
796			0.204904
797			-0.143363
798			-0.136435
799			0.275683
800			0.296815
801			-0.128626
802			0.170342
803			-0.175588
804			-0.240758
805			0.142371
806			0.284685
807			0.398896
808			0.253043
809			0.209801
810			-0.053689
811			0.413758
812			-0.067107
813			-0.171215
814			-0.051326
815			0.062209
816			0.271464
817			0.097767
818			0.026596
819			0.294034
820			0.350156
821			-0.132867
822			-0.123695
823			0.053699
824			-0.225004
825			0.070862
826			-0.578817
827			-0.113686
828			0.134250
829			-0.070165
830			0.145551
831			0.365387
832			-0.008739
833			0.391943
834			0.359513
835			0.391908
836			0.271083
837			0.212499
838			0.334577
839			0.206470
840			0.046958
841			0.254602
842			0.245188
843			0.185889
844			0.120489
845			0.411633
846			0.308975
847			0.157297
848			-0.073985
849			0.139462
850			0.048538
851			0.368860
852			0.112904
853			0.125340
854			0.215451
855			0.089854
856			0.050160
857			0.119771
858			0.009990
859			0.129201
860			0.227052
861			0.035942
862			0.109776
863			-0.149949
864			0.104120
865			0.014719
866			0.134764
867			0.211345
868			0.117385
869			0.188887
870			0.135383
871			0.256694
872			0.393330
873			0.106155
874			-0.008463
875			0.344382
876			-0.032607
877			0.162420
878			0.299740
879			0.257371
880			0.415709
881			0.021811
882			0.298668
883			0.087393
884			0.238537
885			0.278325
886			0.259744
887			-0.340207
888			0.378574
889			0.230743
890			0.210892
891			0.133107
892			0.405917
893			-0.003887
894			0.040690
895			-0.128845
896			0.402849
897			0.080074
898			0.076288
899			0.319659
900			0.075812
901			0.323349
902			0.121543
903			0.006671
904			0.269662
905			0.144115
906			0.032489
907			0.291517
908			-0.168941
909			-0.093248
910			-0.235313
911			0.382591
912			0.125226
913			-0.290097
914			0.199333
915			0.344970
916			0.236912
917			0.352429
918			0.060955
919			-0.068070
920			0.208909
921			-0.160493
922			0.348996
923			0.232985
924			0.276681
925			0.188398
926			0.020523
927			-0.157126
928			-0.224462
929			0.170677
930			-0.088555
931			0.262375
932			0.012458
933			0.003388
934			0.138093
935			-0.034198
936			0.203581
937			0.404022
938			0.333573
939			0.392101
940			0.246055
941			-0.051579
942			0.496405
943			0.272633
944			0.454586
945			0.097474
946			0.079443
947			0.265744
948			0.274245
949			-0.112911
950			0.372227
951			0.540811
952			0.176175
953			0.130050
954			0.295353
955			0.390176
956			0.087172
957			0.052534
958			0.054060
959			-0.028735
960			0.291893
961			-0.096380
962			0.391089
963			0.160434
964			0.290238
965			0.182981
966			0.327697
967			0.279949
968			0.328682
969			0.402855
970			0.260552
971			0.484431
972			0.068481
973			0.397401
974			0.355691
975			0.094021
976			0.460522
977			0.001915
978			0.283937
979			0.099876
980			0.310413
981			0.321529
982			0.338560
983			0.071835
984			0.340574
985			0.246419
986			0.112429
987			0.537114
988			0.451820
989			0.238760
990			0.189127
991			-0.139016
992			0.033727
993			-0.087543
994			0.101492
995			0.354604
996			0.088463
997			0.266718
998			0.228271
999			0.269999
1000			0.141603
1001			0.413977
1002			0.313539
1003			0.539888
1004			0.204673
1005			0.283509
1006			0.120790
1007			0.321286
1008			0.023941
1009			0.086535
1010			0.271556
1011			0.224024
1012			-0.140682
1013			0.043494
1014			0.083790
1015			0.046626
1016			-0.389598
1017			0.340255
1018			-0.114701
1019			0.056305
1020			0.389322
1021			-0.033111
1022			0.170743
1023			0.098375
1024			0.516805
1025			-0.183828
1026			0.072884
1027			0.208968
1028			0.458870
1029			0.074488
1030			0.201475
1031			0.022694
1032			0.171320
1033			0.079173
1034			-0.016497
1035			0.274706
1036			-0.007991
1037			0.085976
1038			0.309149
1039			0.199062
1040			0.094337
1041			0.045854
1042			0.046716
1043			-0.114355
1044			0.239649
1045			0.340332
1046			-0.233337
1047			0.062730
1048			0.096399
1049			0.314003
1050			0.281913
1051			0.145205
1052			0.363163
1053			-0.283835
1054			0.141041
1055			0.371593
1056			0.051661
1057			0.161597
1058			0.249029
1059			0.213911
1060			0.240010
1061			0.068836
1062			0.061727
1063			0.383168
1064			0.005654
1065			0.213036
1066			0.350178
1067			0.194741
1068			0.119066
1069			-0.441820
1070			-0.128293
1071			0.141804
1072			0.206503
1073			0.272707
1074			0.265065
1075			-0.005684
1076			0.273360
1077			-0.236641
1078			-0.059604
1079			0.041067
1080			0.259457
1081			0.297430
1082			-0.044099
1083			0.333678
1084			-0.176365
1085			0.109639
1086			0.325049
1087			0.213741
1088			0.035806
1089			0.027969
1090			0.183677
1091			0.018266
1092			0.105423
1093			-0.043538
1094			0.237107
1095			-0.130913
1096			0.078639
1097			-0.215379
1098			0.484751
1099			0.165764
1100			-0.183029
1101			0.186618
1102			-0.609802
1103			0.167559
1104			0.189985
1105			0.027041
1106			0.025886
1107			0.191048
1108			0.256884
1109			-0.008302
1110			0.087700
1111			0.155345
1112			0.061430
1113			0.231812
1114			0.407600
1115			0.108098
1116			0.077662
1117			0.116415
1118			0.169963
1119			0.294008
1120			0.069960
1121			0.009240
1122			0.036188
1123			0.128756
1124			0.419461
1125			0.269218
1126			0.363667
1127			-0.209788
1128			0.227860
1129			0.117352
1130			0.051615
1131			0.368695
1132			-0.037668
1133			-0.075144
1134			0.076342
1135			0.357834
1136			0.323003
1137			0.036924
1138			-0.046498
1139			0.106743
1140			0.283466
1141			0.000325
1142			-0.056597
1143			0.136271
1144			-0.051520
1145			0.196832
1146			-0.017774
1147			0.196398
1148			0.084261
1149			-0.008267
1150			-0.013779
1151			0.323023
1152			0.053829
1153			0.168662
1154			0.232881
1155			-0.122007
1156			0.135690
1157			0.140181
1158			0.104458
1159			0.125537
1160			0.026415
1161			0.125584
1162			0.208031
1163			0.036947
1164			0.245919
1165			0.232676
1166			-0.077200
1167			0.286159
1168			0.025884
1169			0.067894
1170			0.038371
1171			0.232837
1172			0.293985
1173			0.365313
1174			0.012832
1175			0.072834
1176			0.290074
1177			0.242254
1178			0.297421
1179			0.148949
1180			0.081822
1181			0.138377
1182			0.322483
1183			0.062537
1184			0.211058
1185			0.265198
1186			-0.069493
1187			-0.482737
1188			0.298246
1189			0.199601
1190			0.007846
1191			0.003308
1192			0.157742
1193			0.157852
1194			-0.146495
1195			0.076545
1196			0.201992
1197			0.200698
1198			0.178082
1199			0.347059
1200			0.324866
1201			0.150784
1202			0.092335
1203			0.287340
1204			0.249175
1205			0.258099
1206			0.244983
1207			-0.172478
1208			0.194231
1209			0.173956
1210			-0.275470
1211			0.452549
1212			0.112201
1213			0.330524
1214			0.212971
1215			0.122431
1216			0.078479
1217			0.312720
1218			-0.548386
1219			-0.073575
1220			0.059649
1221			-0.089101
1222			0.495742
1223			0.152399
1224			0.216464
1225			-0.243786
1226			-0.015248
1227			-0.011059
1228			-0.102968
1229			0.204793
1230			0.279333
1231			0.048966
1232			0.380942
1233			0.080970
1234			-0.035168
1235			0.265611
1236			0.072053
1237			0.110385
1238			0.333334
1239			0.414528
1240			-0.047479
1241			-0.160896
1242			0.159652
1243			-0.157584
1244			0.308374
1245			-0.071292
1246			0.269795
1247			0.300798
1248			0.284302
1249			0.165947
1250			0.011550
1251			0.282103
1252			0.288619
1253			0.152879
1254			-0.324672
1255			-0.262048
1256			-0.340184
1257			-0.387166
1258			-0.164263
1259			-0.336331
1260			0.121674
1261			0.001207
1262			0.125264
1263			0.059543
1264			0.257762
1265			-0.162423
1266			0.155560
1267			0.421640
1268			-0.144013
1269			0.220826
1270			-0.213216
1271			0.316572
1272			0.250281
1273			0.439843
1274			0.282116
1275			0.285208
1276			0.365704
1277			0.303048
1278			0.293577
1279			0.389312
1280			0.239886
1281			0.151430
1282			-0.036006
1283			0.305395
1284			0.144745
1285			0.055899
1286			0.064987
1287			0.063765
1288			0.388492
1289			0.220872
1290			-0.038671
1291			-0.084941
1292			0.355502
1293			0.368290
1294			0.275510
1295			-0.063808
1296			0.393605
1297			0.203195
1298			-0.067157
1299			-0.120546
1300			0.212757
1301			0.089933
1302			0.229976
1303			0.182145
1304			0.140842
1305			0.287521
1306			0.040205
1307			0.190788
1308			0.207651
1309			-0.164593
1310			0.037012
1311			0.207444
1312			0.192223
1313			-0.069368
1314			0.001533
1315			0.202451
1316			0.180516
1317			0.055320
1318			0.164579
1319			0.078692
1320			0.143344
1321			0.143444
1322			0.265085
1323			-0.034260
1324			0.108792
1325			-0.032819
1326			-0.048609
1327			0.115350
1328			-0.112903
1329			0.249422
1330			0.154087
1331			0.344771
1332			0.391027
1333			0.269342
1334			0.327254
1335			-0.027096
1336			0.831329
1337			0.218381
1338			0.275864
1339			-0.010875
1340			0.217488
1341			0.021275
1342			0.168554
1343			0.487713
1344			-0.101507
1345			0.248494
1346			-0.062739
1347			0.126264
1348			-0.001144
1349			0.281461
1350			0.308574
1351			-0.283492
1352			-0.152090
1353			-0.022172
1354			0.027699
1355			0.688901
1356			0.110994
1357			0.036516
1358			0.199159
1359			-0.209478
1360			-0.061139
1361			0.150205
1362			0.352677
1363			0.313405
1364			-0.154148
1365			-0.132680
1366			-0.154115
1367			0.336244
1368			0.300018
1369			0.070912
1370			0.026476
1371			-0.026815
1372			-0.045717
1373			0.340060
1374			0.265958
1375			0.089103
1376			0.130440
1377			0.157090
1378			0.159772
1379			-0.067103
1380			-0.183899
1381			0.302847
1382			0.216647
1383			-0.260500
1384			0.079725
1385			0.165331
1386			0.305580
1387			0.305760
1388			0.162835
1389			0.155859
1390			0.140923
1391			0.235370
1392			0.237787
1393			-0.373991
1394			0.266310
1395			-0.040247
1396			0.125732
1397			0.401627
1398			0.317913
1399			-0.195218
1400			-0.087246
1401			0.422173
1402			0.083178
1403			0.179938
1404			0.149747
1405			0.406970
1406			0.005957
1407			-0.028878
1408			0.062607
1409			0.387627
1410			0.347428
1411			0.245992
1412			0.340966
1413			0.041609
1414			0.344855
1415			0.559850
1416			0.039020
1417			0.383228
1418			0.275438
1419			-0.095161
1420			-0.011117
1421			0.023798
1422			0.140334
1423			0.077386
1424			0.329225
1425			-0.091674
1426			0.297681
1427			-0.011624
1428			0.225578
1429			0.098291
1430			0.456830
1431			0.001045
1432			0.438401
1433			0.264731
1434			0.182078
1435			0.129655
1436			0.341067
1437			0.206213
1438			0.308453
1439			-0.463316
1440			-0.246558
1441			0.137946
1442			-0.191156
1443			-0.067024
1444			0.394877
1445			0.353687
1446			-0.489038
1447			-0.053588
1448			0.151956
1449			-0.039350
1450			0.080796
1451			0.033252
1452			0.249397
1453			0.185931
1454			0.086678
1455			0.334545
1456			0.428236
1457			0.276193
1458			0.298793
1459			0.082384
1460			0.246611
1461			0.198201
1462			0.111913
1463			-0.072270
1464			-0.001280
1465			0.381965
1466			0.427910
1467			0.015038
1468			0.151005
1469			0.109929
1470			0.359249
1471			0.135074
1472			0.070065
1473			0.405823
1474			0.332574
1475			0.316555
1476			-0.104727
1477			0.332012
1478			0.054201
1479			0.467149
1480			0.358386
1481			-0.045566
1482			0.329125
1483			0.438834
1484			0.026422
1485			-0.066809
1486			-0.262485
1487			0.203732
1488			0.381616
1489			-0.171907
1490			0.014085
1491			0.086736
1492			0.141559
1493			-0.253026
1494			0.256974
1495			0.260251
1496			-0.451983
1497			0.412298
1498			0.131800
1499			0.108035
1500			0.077511
1501			0.138991
1502			0.109579
1503			0.149918
1504			-0.066063
1505			0.391012
1506			0.166433
1507			0.136392
1508			0.161189
1509			0.041767
1510			-0.467705
1511			0.213706
1512			0.304559
1513			0.089976
1514			-0.137378
1515			0.174059
1516			0.243968
1517			0.093621
1518			0.290463
1519			0.286820
1520			0.276451
1521			-0.037350
1522			0.176943
1523			0.145995
1524			0.246267
1525			-0.074295
1526			0.236610
1527			0.424691
1528			0.236189
1529			0.278473
1530			0.143336
1531			0.216317
1532			0.305420
1533			0.031751
1534			0.262521
1535			0.046236
1536			0.351852
1537			0.262869
1538			0.437998
1539			0.356268
1540			0.054842
1541			0.223082
1542			0.088650
1543			0.037150
1544			0.340860
1545			0.284854
1546			0.420623
1547			0.156988
1548			0.226477
1549			0.397862
1550			0.355081
1551			-0.060947
1552			0.116728
1553			0.344272
1554			0.215484
1555			-0.207331
1556			0.181721
1557			0.209038
1558			0.381762
1559			0.139711
1560			-0.037241
1561			-0.110104
1562			0.115351
1563			0.205869
1564			0.142447
1565			0.087768
1566			0.374496
1567			0.070107
1568			0.163468
1569			-0.101298
1570			-0.005790
1571			0.153001
1572			0.278361
1573			0.277519
1574			0.356555
1575			-0.044889
1576			0.206065
1577			0.225677
1578			-0.008496
1579			0.313681
1580			0.170525
1581			0.040780
1582			0.139223
1583			0.335650
1584			0.302386
1585			-0.187606
1586			0.036973
1587			-0.048962
1588			0.163551
1589			0.264561
1590			-0.098197
1591			0.221451
1592			0.139155
1593			0.450532
1594			0.221404
1595			0.126659
1596			-0.165761
1597			-0.043683
1598			-0.057116
1599			-0.185067
1600			0.038611
1601			0.077107
1602			0.355933
1603			0.294774
1604			0.153638
1605			0.196596
1606			0.372732
1607			0.110423
1608			0.039703
1609			0.336747
1610			0.239708
1611			-0.047309
1612			0.381207
1613			-0.104557
1614			-0.712538
1615			-0.084001
1616			0.120153
1617			0.106166
1618			-0.410505
1619			0.004123
1620			0.326015
1621			-0.071614
1622			0.155293
1623			0.304504
1624			0.038895
1625			-0.188156
1626			0.086102
1627			0.381071
1628			0.029459
1629			0.261523
1630			0.042722
1631			0.037121
1632			0.168059
1633			0.123638
1634			0.139175
1635			0.055169
1636			0.094176
1637			0.047262
1638			0.108839
1639			-0.044488
1640			0.105417
1641			0.288428
1642			0.165090
1643			-0.036569
1644			0.308578
1645			-0.059170
1646			0.033446
1647			0.104473
1648			0.268619
1649			0.234225
1650			0.221885
1651			0.014210
1652			0.226353
1653			-0.048852
1654			-0.009922
1655			0.062573
1656			0.305327
1657			0.427629
1658			0.174177
1659			0.110361
1660			0.167889
1661			-0.264725
1662			-0.129940
1663			0.236531
1664			0.081325
1665			0.226354
1666			0.223552
1667			0.201099
1668			-0.174361
1669			0.156887
1670			0.029972
1671			0.275976
1672			-0.032374
1673			0.152101
1674			0.082953
1675			0.094678
1676			0.261586
1677			0.264572
1678			0.098558
1679			0.082735
1680			0.240173
1681			0.240829
1682			0.202589
1683			0.210599
1684			0.069007
1685			0.058588
1686			0.204016
1687			0.397891
1688			0.234455
1689			-0.044971
1690			0.181696
1691			0.047808
1692			0.084239
1693			0.137604
1694			0.390653
1695			0.079406
1696			-0.002284
1697			0.102837
1698			0.180963
1699			-0.022753
1700			0.038721
1701			0.180449
1702			0.029296
1703			0.128669
1704			0.168931
1705			0.222012
1706			0.253595
1707			0.254409
1708			0.107160
1709			0.293528
1710			0.299909
1711			0.087943
1712			0.153164
1713			0.269102
1714			0.190844
1715			0.198649
1716			0.137184
1717			0.487512
1718			0.311101
1719			0.340730
1720			0.213077
1721			0.031763
1722			0.196621
1723			0.190758
1724			0.156197
1725			-0.083541
1726			-0.012764
1727			-0.036509
1728			0.257682
1729			0.180581
1730			0.427872
1731			0.149367
1732			-0.019563
1733			0.149968
1734			-0.031685
1735			0.241305
1736			-0.046450
1737			0.359744
1738			0.127059
1739			0.108086
1740			0.213211
1741			0.158254
1742			0.142000
1743			0.077807
1744			0.221455
1745			0.241087
1746			0.297534
1747			0.046820
1748			0.130202
1749			0.072696
1750			0.116367
1751			0.050328
1752			0.336978
1753			0.078856
1754			-0.052617
1755			0.364753
1756			-0.113848
1757			0.112998
1758			-0.126844
1759			0.044419
1760			0.250365
1761			0.145553
1762			-0.121624
1763			0.108013
1764			0.331832
1765			0.426449
1766			0.070034
1767			0.197186
1768			0.049360
1769			0.344369
1770			0.214348
1771			0.074896
1772			0.221838
1773			0.379580
1774			0.396694
1775			0.107287
1776			0.286858
1777			0.328601
1778			-0.073430
1779			0.437403
1780			0.046255
1781			0.287710
1782			0.340461
1783			0.221934
1784			-0.113199
1785			-0.057030
1786			-0.029323
1787			0.350899
1788			0.197533
1789			0.100947
1790			0.036071
1791			0.277664
1792			0.270371
1793			-0.045550
1794			-0.471154
1795			-0.081942
1796			-0.009036
1797			0.032581
1798			0.108690
1799			0.213394
1800			0.084242
1801			0.211823
1802			0.406425
1803			0.327288
1804			-0.026410
1805			0.411531
1806			0.128329
1807			0.292187
1808			0.120815
1809			-0.016727
1810			0.320448
1811			-0.197795
1812			-0.098939
1813			0.056724
1814			-0.050656
1815			-0.033497
1816			0.190691
1817			0.240901
1818			0.079930
1819			0.114947
1820			0.404257
1821			-0.207268
1822			0.315752
1823			0.474692
1824			0.229174
1825			0.267211
1826			0.109375
1827			0.203407
1828			0.076882
1829			0.284229
1830			0.257907
1831			0.290934
1832			0.107526
1833			0.113748
1834			0.060278
1835			0.105640
1836			-0.016139
1837			0.219715
1838			0.010423
1839			-0.105205
1840			0.023697
1841			0.064770
1842			0.157657
1843			-0.395592
1844			-0.066096
1845			-0.315752
1846			0.289008
1847			0.021948
1848			0.268706
1849			0.061254
1850			0.078469
1851			0.278080
1852			0.059668
1853			0.289103
1854			0.110670
1855			0.008256
1856			0.487938
1857			0.058306
1858			0.165224
1859			-0.155276
1860			0.315912
1861			0.231949
1862			-0.022440
1863			0.304156
1864			-0.005637
1865			0.014026
1866			0.087681
1867			-0.044956
1868			0.315062
1869			0.370111
1870			0.290146
1871			-0.217456
1872			0.456579
1873			0.187491
1874			0.091589
1875			0.307110
1876			-0.039461
1877			0.040035
1878			0.022406
1879			0.188853
1880			0.206589
1881			0.105453
1882			0.232512
1883			-0.003833
1884			-0.162983
1885			-0.044091
1886			0.360555
1887			0.315940
1888			0.180640
1889			-0.254896
1890			0.338715
1891			0.067648
1892			-0.339738
1893			0.231334
1894			0.328429
1895			0.223505
1896			0.431747
1897			0.413022
1898			0.435812
1899			0.444842
1900			0.231360
1901			0.179447
1902			0.140862
1903			0.498801
1904			0.194834
1905			0.253461
1906			0.073636
